-2.047697809731849
2.620406569888439
2
2.69900188078351
3.553359475570326
0
2.5074812870499263
3.749210170243583
0
-1.4122667906543753
-0.5981534363021473
1
-0.6235576040879437
-0.7775507739410942
1
-2.3649387468865166
3.728338285959864
2
-4.508984045058208
2.635508529412239
2
3.4599436261448036
2.988681336114564
0
-0.1733121567422937
-0.07565448002360212
1
0.2525441242336908
-0.3320435123901365
1
2.63649091298277
2.557017425545921
0
0.8955667363386577
1.401465522534291
2
-4.44343312629302
0.8650230710941798
2
0.995575922468443
1.118451627634583
1
2.4530464918053507
2.8296628722491097
0
-1.5753858050766434
4.538779588338198
2
-0.22594059963141225
-0.0042259513589937795
1
-3.9016027902505863
3.1353127482741074
2
4.0876623028603465
3.045754622211781
0
-3.080902041650497
2.5958042042149336
2
-3.862519961761411
2.5625595702161332
2
-3.1181785331935945
2.069070490816082
2
1.4435908085304194
3.4120604640278804
0
-4.072034499143822
4.197772002222841
2
-3.5097953870027654
2.6591897231437303
2
2.6715332643750207
1.7257571295960654
0
3.5238134966531027
3.583215441905682
0
-4.026816992029763
5.349945553165135
2
4.328000894241349
2.1982948888187717
0
-4.587339100540508
2.673505945232413
2
2.0599326801584055
-0.7035433267130226
1
-1.7026374442658363
2.5411087809567996
2
2.8082930806373922
2.9243031583768273
0
-1.9124694719408493
-0.26139259173620816
1
-1.1496246293685102
-0.7880184604052312
1
-2.8219855272030365
1.4553829141378927
2
1.285780205640524
2.0203673134745634
0
3.2165525721904227
3.4867348348295732
0
-3.2898655653810986
2.9138383635793716
2
3.042885925166391
3.6111694024197805
0
-2.4418660205292584
2.409804908669892
2
3.063471039890707
3.722388969162448
0
-3.5230164575714573
2.6662387857044987
2
3.6611321759017414
2.4884104761495127
0
-1.4684170398760907
3.6011940658064314
2
-0.16704615628863226
-1.6170934266656745
1
-3.5027823723882916
5.674252273997222
2
-1.540162305632141
-0.8314569131619524
1
-4.525650070434781
4.2771334957525475
2
-1.896237534983381
3.3237439836635327
2
-3.8524223720774757
1.8208707598099292
2
-0.9957689314453839
-0.34430610754084223
1
-0.46062721950797486
-1.0983075480805526
1
-0.9701118079617352
-1.8951146674343144
1
2.982420371056373
2.5324080130126725
0
3.2945022227779766
2.116920219379562
0
-3.1822440705528576
4.499018447764377
2
-0.6953329244047007
0.3660946260775444
1
1.0590648386358337
-0.08763234244098538
1
3.838910723835198
2.139222460660784
0
-2.7285205045957968
5.389431882942366
2
-4.271348136923491
3.3312386385667985
2
3.036387449792233
1.8856813499939942
0
-2.3835891958069397
2.921151997297426
2
-4.1417303197494775
1.5063648530430462
2
-2.296870884568258
3.3937299049530525
2
3.633665666561211
3.907911586591373
0
3.0339272178106578
4.454509383116927
0
2.671727072032484
2.3070364671620873
0
-4.044458471050187
3.9165644288568053
2
-3.87234338134878
3.0751864194966494
2
-1.2560340792217826
3.821098876696589
2
-1.9133856739622563
-1.0684632054250387
1
2.050603261657013
1.0384748009180549
0
-3.5425077735704313
1.453614426503355
2
-1.631180593965508
3.405851564296532
2
-1.0645566188292142
-0.43005043518532454
1
0.5512655010336228
1.4154819793809272
1
0.08255150769988304
0.016415120039927088
1
1.108857749308111
-0.07059951014940019
1
-0.3269025646361521
-1.4099142483404707
1
-2.8128485363206757
3.847663126671532
2
0.15522636803760953
0.9689866381072957
1
-2.374255385054398
1.8698867343362546
2
1.9387675952420955
5.733479066330242
0
-3.3911900217622013
4.248614712429648
2
-3.8971299443164824
3.9651841274332296
2
1.5488781160963816
-3.2797923223433503
1
-0.4442859820690013
2.060703570936788
1
0.16302102211380684
1.601311290239208
1
3.171242258688557
3.565457307139263
0
1.349431649333464
2.4360355332118053
0
-3.4308913971831534
4.721610011679468
2
-1.045898113653697
2.162347673148867
2
0.9104496762751061
0.5924945584143573
1
3.184788316460439
3.2734993690927627
0
0.10552214996366378
-0.46480010625671686
1
3.336226474413631
4.0794953880203
0
3.6160814231899874
3.2657218463035247
0
2.5930804838514723
5.281903362360728
0
-1.2026888966784732
2.981964404638327
2
-1.7680204821278753
1.0032841328872015
1
-3.017092503886835
-0.7850123149458594
1
-3.6844909830873105
1.7771270373057995
2
-2.3860955388883287
0.6956285481622679
1
3.2449974329350093
4.061405147307714
0
-2.950951113279037
1.4167115678118742
2
3.1058769133689292
1.1234792579740296
0
5.066222018246823
1.3877465875839023
0
3.474960837799568
3.8204456914623033
0
0.8394967223071222
-1.1815534256171851
1
1.8726998813729296
1.2513734430395866
1
-4.157956337885014
3.7837206333476328
2
-1.3946249255848093
-1.6803393519216645
1
-2.002590335779895
1.3397754403489508
2
-2.5419477086911906
2.600118985521741
2
-0.8390275216897016
0.273740941750841
1
-5.485739543256601
1.685151892151413
2
2.5362732696202186
4.645545319743702
0
1.427307577626152
3.1747392800752494
0
3.9585155541332315
3.1122377563276724
0
2.8311184454858713
3.2081198372462083
0
-1.664315070590823
1.1933171659695259
1
-4.340774884240827
2.514866935836573
2
-2.721956944246716
1.5229265128645009
2
2.410176591208156
2.8333349849761604
0
-2.5623361264120352
3.932355073979461
2
-2.992503232237791
2.8164811770155476
2
2.801781408122704
3.317655683333071
0
-3.1778162924225315
4.8116558959224935
2
2.7498331722339593
3.137835765060714
0
-2.098103852882297
-0.9733872572706628
1
1.4037982707403203
-0.6544123888240271
1
-2.830821165525051
1.2282583538148422
2
2.740924624037489
1.6513407546701413
0
-1.1315385955651653
-0.8085192806625655
1
-1.2453244433121677
-0.8060002687089579
1
-3.8915227207975787
3.342891735456871
2
-0.3193507415346299
0.2055640678106446
1
-3.3631450349517413
3.4182230621697616
2
-4.434635681948913
2.1326107847906304
2
3.5696875003882425
3.727595681974181
0
3.09612639556778
3.437919780760494
0
2.226329252968667
2.508141266938834
0
0.08885697774900549
0.42966202447231844
1
-4.187294883844896
4.423692586109826
2
2.91597037403168
1.047314783135679
0
0.9567079334368254
-0.5823848266457416
1
-2.5800322394607136
3.1128624043183026
2
4.998709772244462
2.652368509075805
0
-2.129432742095915
1.4679522918823134
2
-3.7401596606462504
2.6600133022134127
2
1.3477504805610945
0.38469017644250764
1
-3.8786699854539104
2.431513642061119
2
0.1468075866216193
0.37992583635625526
1
3.768369566129424
2.4324336864998624
0
-2.1833265850412356
2.597952935759476
2
3.048027269781976
1.838078468710426
0
-3.027797091615166
2.762916423657455
2
-0.407672661030514
0.6310319522850475
1
4.232259070776477
4.455459753241454
0
0.6854093138830256
0.2799861935924509
1
-2.7832620318713532
2.1925450797739785
2
-3.3488858510512096
4.274921247148278
2
-0.6711073345849814
0.08803941680545871
1
0.2473153322608706
0.5534448522021794
1
-2.127229986599144
1.7771806591617705
2
4.097444993158401
2.4358531904484813
0
6.226939348256007
2.251877851136294
0
-0.2352026184026635
1.597328206749149
1
3.0740882850397324
3.8292796250417034
0
3.0537966768584153
1.7494909205572589
0
-0.8742010530004032
-2.0815463139899073
1
4.4851501956636035
2.836302346998919
0
0.16145555264696243
-0.3762593584045342
1
-0.6646017934738899
-2.1948675018943895
1
1.9358261318779546
-1.2756231386556798
1
4.1320816037884684
3.269647168896662
0
0.40886555066189073
0.7680104717516264
1
-0.006689150807127942
-1.0139158677306939
1
-0.30251834180335613
1.0010443205963029
1
2.610201802111512
3.204839271049554
0
-2.007708764967802
3.870622860142599
2
2.804151614166845
4.650309046644808
0
-3.2968426849777557
4.727272830398367
2
-2.8452382767007514
3.7524136909578787
2
1.1462940892963618
1.533424740322252
1
4.302252295319333
1.7301238987279297
0
-0.3642553090653234
0.509074273275551
1
-2.7171979550368777
3.571646537768448
2
-3.292215899191822
1.758019584354598
2
1.8698036012993968
0.18707082211413392
1
5.159030672534651
4.303016479738346
0
1.2721901689403603
1.3972411906319149
0
-1.685898317527638
3.2463269526883085
2
-3.431193913195598
3.8874594834697307
2
3.6790394301997202
2.4564013540387424
0
-5.67863556592984
1.5710131080425487
2
0.43463165684636584
-0.18901533099720363
1
0.7494056314053311
0.04586077559175625
1
-3.581007198994665
2.993593387601872
2
1.8664308603224493
1.841702956357725
0
4.701046834691492
2.61448702344946
0
-2.2389686041074577
3.7721652340195
2
2.5428767389742433
4.570717105701694
0
0.8379850150568778
-0.9055189413012118
1
0.2553664875568449
1.9772180958693977
1
-3.566124212000093
3.0537835270210927
2
-2.489131837537953
3.034225916220265
2
-0.0629573033597944
-0.6611688322983734
1
3.1058439633445154
3.2990799137289817
0
-1.2925963716870579
4.172072512724909
2
-2.628551472768778
0.2433033722148277
1
2.8876642680290074
2.426833698289586
0
0.31728926006950525
-0.12636250689865025
1
3.3523892821181938
4.052327226370874
0
0.45777922097229734
-0.3934221169101291
1
0.9764332986684054
0.7484706921963316
1
3.480852369538241
2.911775646277488
0
4.022325780493217
2.834641578345992
0
2.5864669967548655
3.062587828834676
0
4.078056079463424
3.469239749213518
0
0.583476886653615
0.7219332921224699
1
3.846491049948195
2.321579625122705
0
-1.3105514266707157
0.307184698383174
1
2.3409279450714546
3.594956592798904
0
0.8313824374564589
-0.9258767388828077
1
3.270644189614349
2.6884577192524075
0
0.186206346195288
0.7337540825486998
1
-0.019815401140492298
1.8686360396408104
1
2.2587798482826584
4.044596528863561
0
3.377404154094349
3.2520758038251736
0
2.7733865768846675
2.4899229820157434
0
0.7900972978429138
1.180149739009741
1
2.6354833486453773
2.746836320917174
0
1.6998377181496769
0.6377884902251904
1
-1.5375658195735349
-1.1802614009537618
1
-0.6640453660096631
0.33753815363775685
1
0.5136402443173212
1.688907818242395
1
0.032587219369858304
-0.5985776067047429
1
-2.047697809731849
2.620406569888439
2
2.69900188078351
3.553359475570326
0
-1.4122667906543753
-0.5981534363021473
1
2.5074812870499263
3.749210170243583
0
3.4599436261448036
2.988681336114564
0
-2.3649387468865166
3.728338285959864
2
-0.6235576040879437
-0.7775507739410942
1
-0.1733121567422937
-0.07565448002360212
1
0.2525441242336908
-0.3320435123901365
1
2.63649091298277
2.557017425545921
0
0.995575922468443
1.118451627634583
1
-4.508984045058208
2.635508529412239
2
0.8955667363386577
1.401465522534291
2
-4.44343312629302
0.8650230710941798
2
2.4530464918053507
2.8296628722491097
0
-1.5753858050766434
4.538779588338198
2
4.0876623028603465
3.045754622211781
0
1.4435908085304194
3.4120604640278804
0
2.6715332643750207
1.7257571295960654
0
-3.9016027902505863
3.1353127482741074
2
-3.080902041650497
2.5958042042149336
2
3.5238134966531027
3.583215441905682
0
-3.862519961761411
2.5625595702161332
2
-0.22594059963141225
-0.0042259513589937795
1
-3.1181785331935945
2.069070490816082
2
4.328000894241349
2.1982948888187717
0
2.0599326801584055
-0.7035433267130226
1
-4.072034499143822
4.197772002222841
2
2.8082930806373922
2.9243031583768273
0
-1.9124694719408493
-0.26139259173620816
1
-3.5097953870027654
2.6591897231437303
2
1.285780205640524
2.0203673134745634
0
3.2165525721904227
3.4867348348295732
0
-4.026816992029763
5.349945553165135
2
3.042885925166391
3.6111694024197805
0
3.063471039890707
3.722388969162448
0
-1.1496246293685102
-0.7880184604052312
1
3.6611321759017414
2.4884104761495127
0
2.982420371056373
2.5324080130126725
0
-0.16704615628863226
-1.6170934266656745
1
3.2945022227779766
2.116920219379562
0
3.838910723835198
2.139222460660784
0
-4.587339100540508
2.673505945232413
2
-1.7026374442658363
2.5411087809567996
2
-2.8219855272030365
1.4553829141378927
2
-3.2898655653810986
2.9138383635793716
2
-1.540162305632141
-0.8314569131619524
1
-2.4418660205292584
2.409804908669892
2
3.036387449792233
1.8856813499939942
0
-3.5230164575714573
2.6662387857044987
2
-0.9957689314453839
-0.34430610754084223
1
-0.46062721950797486
-1.0983075480805526
1
-1.4684170398760907
3.6011940658064314
2
-0.9701118079617352
-1.8951146674343144
1
-0.6953329244047007
0.3660946260775444
1
1.0590648386358337
-0.08763234244098538
1
-1.9133856739622563
-1.0684632054250387
1
-1.0645566188292142
-0.43005043518532454
1
0.5512655010336228
1.4154819793809272
1
0.08255150769988304
0.016415120039927088
1
