[[ 0.49619531  5.43856665]
 [ 4.98125831  1.42308371]
 [ 4.25292273  6.22334861]
 [ 0.63598238  5.79943018]
 [ 5.11768045  1.63895499]
 [ 2.27061142  4.94366457]
 [ 5.31421858  0.32397468]
 [ 3.13421577  3.06046578]
 [ 2.79456731  4.70143175]
 [ 5.03930318  2.56288204]
 [ 1.90330444 -1.37642675]
 [ 1.44971273  0.13756978]
 [ 2.1384847   4.32031417]
 [ 1.60020008  4.49004802]
 [ 1.68629978  0.97949109]
 [ 5.57947795  2.60963299]
 [ 3.07147176  1.30948753]
 [-0.34699239 -0.14830003]
 [ 4.08869525  0.8519938 ]
 [ 3.45649515  2.02121826]
 [ 0.80082642 -0.8807032 ]
 [ 1.67484536  6.36651988]
 [ 1.9897673  -0.2776354 ]
 [ 7.29706395  1.75051315]
 [ 4.94901065  2.81912179]
 [ 2.71307588  0.95857139]
 [ 1.21938876 -0.4319116 ]
 [ 5.86378599  1.16687788]
 [ 2.2399938   5.03588378]
 [ 3.52287956  4.3762369 ]
 [ 2.42093059  4.00863521]
 [ 4.65677348  3.45545497]
 [ 5.31934479  2.97764315]
 [ 2.98362698 -0.70774484]
 [ 1.5779399   5.75395181]
 [ 1.518647    4.67508616]
 [ 1.49457827  4.65068332]
 [ 2.1866674   0.40561712]
 [ 6.10875881 -0.88324941]
 [ 0.2979236   5.48789437]
 [ 3.20862786  4.75462345]
 [ 4.6294652   1.72496711]
 [ 3.28685882  4.02003907]
 [ 0.0511601  -2.09995696]
 [ 1.84582788  2.89923932]
 [ 2.05742461 -0.1928194 ]
 [ 2.19101733  5.70255701]
 [ 2.37167273  4.90409357]
 [-0.89201671  1.38858748]
 [ 4.56843206  3.08531786]
 [ 1.17262028  0.24739389]
 [ 5.05459576  2.77230679]
 [-0.06151653 -0.47785219]
 [ 0.36055978 -0.47195812]
 [ 0.61608577 -0.92650265]
 [-0.70480484 -0.27467827]
 [ 2.34761318  3.11788719]
 [ 5.830545    2.51356888]
 [ 4.02079349  1.20431878]
 [ 0.92661421  0.17668672]
 [ 0.60568946  6.34474868]
 [ 0.80365918  6.01623081]
 [ 4.25917735  1.82577954]
 [-0.25535514 -2.32606988]
 [ 5.40560205  1.43551419]
 [ 1.77714657  0.55807359]
 [ 0.8420106   3.62385623]
 [ 1.1845808   5.47605983]
 [ 5.62750554  2.47930505]
 [ 2.02350825  4.73048509]
 [ 2.15617162  4.68311287]
 [ 2.26763011 -1.15309049]
 [ 4.80692646  1.08383791]
 [ 1.07433789  2.98138829]
 [ 1.25515834 -0.99758594]
 [ 3.78232451  0.94833375]
 [ 3.06920765  5.26255324]
 [ 0.58880871  4.14723859]
 [ 5.27588333  2.98436259]
 [ 4.94890479  3.63586517]
 [ 7.01690471  2.31504455]
 [ 5.52252716  1.91875117]
 [ 1.47552333 -0.44962287]
 [ 7.01207179  3.79818539]
 [ 2.99210195  4.94015637]
 [ 0.30011405 -0.23642456]
 [ 1.0109076   0.67306309]
 [ 2.47414133  6.65154558]
 [ 5.37053798  2.05163692]
 [ 1.57156259  3.1630045 ]
 [ 3.55384855  6.93244759]
 [ 2.10035228  0.77310204]
 [ 5.64902947  1.74418922]
 [ 0.30514453 -0.73980094]
 [ 2.53123742  1.3978547 ]
 [ 6.437181    3.30780948]
 [ 4.03435774  2.6405616 ]
 [ 1.69510926  0.93960481]
 [ 4.3042388   2.03386812]
 [ 2.76083698 -0.28433843]
 [ 3.81122848  6.22352209]
 [ 1.73040108  0.73813751]
 [ 5.44014495  3.41909771]
 [ 5.97512534  2.03403118]
 [ 1.15751918  1.38890155]
 [ 1.10063836  1.27877923]
 [ 2.72321943 -0.12114211]
 [ 0.70345755  6.17787116]
 [ 2.78217747  4.41145849]
 [ 1.86789205  4.58230917]
 [ 3.84864443  3.11307312]
 [ 1.79690957  4.92502668]
 [ 1.67971198 -0.56419253]
 [ 5.74040694  2.03603076]
 [ 1.26454513 -2.09357475]
 [ 1.74481165  1.07891321]
 [ 5.44670234  1.90505491]
 [ 0.86787463 -0.23924444]
 [ 4.67118921  1.10851409]
 [ 1.68339025  4.64804163]
 [ 3.07078718  1.71333176]
 [ 6.31644833  0.29879597]
 [ 2.75895492  0.33458855]
 [ 0.82816033  1.10190094]
 [-0.07715216  4.34888661]
 [ 0.83765675 -1.44370243]
 [ 5.91598083  0.89496321]
 [ 3.96823413  0.2838615 ]
 [ 3.72160113  4.10905267]
 [-0.1755594   3.54271168]
 [ 1.60067589 -0.58277442]
 [ 0.77885282  6.29954658]
 [ 1.957079    1.55992996]
 [ 1.9073962  -1.3287513 ]
 [ 0.64789523  1.37151009]
 [ 4.24700156  1.53211954]
 [ 1.52062086  3.55033491]
 [ 3.17311123  6.13440999]
 [ 3.02977333  2.10708487]
 [ 0.25725    -1.09492977]
 [ 1.7339464  -0.07380549]
 [ 2.270474    1.88575091]
 [ 5.0534697   2.16359779]
 [ 4.81567889  1.34470171]
 [ 2.861219    3.25419161]
 [ 3.270543    4.09973493]
 [ 2.86100934  4.6586832 ]
 [-0.61475695 -1.3575985 ]
 [ 2.83163258  1.34714267]
 [ 2.00322458  4.5285311 ]
 [ 0.67391624  2.12733319]
 [ 5.97766054  1.93906399]
 [ 0.50219704 -0.20480718]
 [ 4.40892466  2.21025026]
 [ 0.51069824 -0.20053555]
 [ 4.72631659  3.38948001]
 [ 4.83629935  1.76371557]
 [ 5.17318979  1.23398469]
 [ 1.52859695  4.26202411]
 [ 1.08220464  0.07439866]
 [ 1.90729128  0.11660842]
 [ 6.07745726  3.4251346 ]
 [ 0.50355459  0.90785338]
 [ 4.31875539  1.49126406]
 [ 2.08603298  4.81963696]
 [ 0.93466941  6.47932821]
 [ 0.51723783  1.9354591 ]
 [ 1.38889947 -1.5665921 ]
 [ 7.71662188  1.36646027]
 [ 1.04287951 -0.6766773 ]
 [ 4.71135563  1.63255168]
 [ 4.39878154  3.43927266]
 [ 4.43678634  2.03635375]
 [ 0.98282441 -0.49628085]
 [ 6.90455981  2.75771932]
 [ 1.72508104  6.68045375]
 [ 3.46502891  5.02668228]
 [-0.52439665 -0.47983431]
 [ 4.8279723   1.96626586]
 [ 2.32573535 -1.82594273]
 [ 0.81133608 -1.54072436]
 [ 1.02390369  0.42630263]
 [ 0.16812106 -0.1402788 ]
 [ 4.67602173  3.12333492]
 [ 0.82546432  5.22779591]
 [ 1.26256603  4.30629374]
 [ 0.85022142  0.68385046]
 [ 6.33714723  2.63474145]
 [ 1.89424125  5.99976017]
 [ 7.57643144  1.47168708]
 [ 2.58857881  4.04330768]
 [ 4.49702132  1.72464079]
 [ 0.64188893 -1.37157002]
 [ 4.56106902  0.93156062]
 [ 1.72267412  4.93874848]
 [ 6.44784321  2.43221813]
 [-0.60005626  0.34871482]
 [ 2.71564214  5.57448448]
 [ 4.2043867   2.82521556]
 [ 2.86661174  4.33425521]
 [ 5.36740725  2.49218638]
 [ 0.72721685  5.07016252]
 [ 3.00406709 -1.28280051]
 [ 4.07290464  1.82986708]
 [ 3.65865953  1.2475891 ]
 [ 4.15483251  4.70090715]
 [ 1.68188007  4.47668945]
 [ 2.16998008  5.16400495]
 [ 0.09227367  0.22273142]
 [ 1.7969193  -0.49864798]
 [ 1.66564972  6.19868855]
 [ 1.85579724  6.84113702]
 [ 5.65734293  1.88359776]
 [ 3.99825759  0.29355385]
 [ 1.69649627  0.622854  ]
 [ 2.39625433  1.36161962]
 [ 3.48219058  4.14447181]
 [ 3.97073722  5.57653005]
 [ 2.59212258 -0.60335781]
 [ 2.29053257  3.75767182]
 [ 0.86432251 -0.06027673]
 [ 2.21597513  6.45834862]
 [-1.57046105 -0.27090128]
 [ 1.81625405  0.9126173 ]
 [ 1.73281541  0.97600535]
 [ 7.55367359  0.61624291]
 [ 2.01286289  5.29361217]
 [ 1.60658474  5.96997216]
 [ 0.45039899 -2.7278263 ]
 [ 1.34738424  4.03792053]
 [ 2.22798009  5.67054421]
 [ 4.35712151  0.28117224]
 [ 2.69035649  6.22982613]
 [-0.55693028 -1.22927104]
 [ 6.46403879  1.56840538]
 [ 5.68721191  2.03445189]
 [ 4.76532089  2.87287338]
 [ 1.46797538  0.08314547]
 [ 4.12504944  3.09384228]
 [ 1.38741764  0.12503143]
 [-0.61364831  1.57165039]
 [ 5.81129398  0.05676332]
 [ 1.32603636  4.36460166]
 [ 5.02147293  3.34831563]
 [ 2.2252268   4.16504997]
 [ 1.46003452  5.058911  ]
 [ 0.03385227  1.24381484]
 [ 3.77225361  2.13028454]
 [ 0.2784016  -0.46457249]
 [ 1.25739662  6.04301648]
 [ 1.82350478  3.741883  ]
 [ 0.51044833 -1.23795792]
 [ 6.8695964   1.07077272]
 [ 0.22424405 -0.84062464]
 [ 1.46723791 -0.27524228]
 [-1.92228642  0.71202737]
 [ 1.89982008  5.84402551]
 [ 0.45407702  0.45769148]
 [ 4.22245537  3.30727267]
 [ 3.4885471   5.20534983]
 [ 1.27618429 -0.51453739]
 [ 6.43116297  1.41608049]
 [ 3.18887462  5.18462561]
 [ 3.04936491 -1.91749425]
 [ 1.9290502   0.82370195]
 [ 3.34348822  5.25417091]
 [ 0.20726464 -0.52633978]
 [ 6.05327114  0.74988345]
 [ 2.96676364  2.91288983]
 [ 1.56620395  0.56924559]
 [ 2.13527939  4.62400034]
 [ 1.97887265  5.98760767]
 [ 5.33340359  2.68537009]
 [-0.27860072  6.19264902]
 [ 5.96767515  2.37763354]
 [ 6.21410987  2.6401622 ]
 [ 1.63609936 -1.29179095]
 [-0.81222371 -0.34617712]
 [ 2.9067355   1.19057171]
 [ 1.99425311  4.32734116]
 [ 1.84511503  6.71703347]
 [ 5.19288927  2.55873672]
 [ 2.20971348  3.22626668]
 [ 5.99772257  2.90642861]
 [ 0.17978075  0.30274783]
 [ 1.56699547  2.63661457]
 [ 2.02879525 -0.35537305]
 [ 5.46505737  0.55798423]
 [ 2.4777034   4.01220067]
 [ 3.50631929  3.33319761]
 [ 6.0673863   3.46418152]
 [ 3.7653162   1.51765803]
 [ 5.8258551   2.41772652]
 [ 2.65744511  6.89358715]
 [ 4.16741536  3.65126121]
 [ 2.10078494  7.18747158]
 [ 4.98282031  1.59296084]
 [ 1.76891947  4.28206753]
 [ 2.54383184  5.2334149 ]
 [ 1.18507644  4.96944911]]
