2.090571523163262313e+01 -9.212467721793244912e-01 2.000000000000000000e+00
1.039535047691004621e+01 1.110072354063886202e+01 1.000000000000000000e+00
1.232591002785776091e+01 8.433621379973695653e+00 1.000000000000000000e+00
1.550155062887239055e+01 -1.655484062316022742e+00 2.000000000000000000e+00
1.208860140771410130e+01 1.047942868399976746e+01 1.000000000000000000e+00
1.947177234397145895e+01 6.698049223906569205e-01 2.000000000000000000e+00
1.196184648676469031e+01 5.091820822094785370e+00 1.000000000000000000e+00
1.814883413684516000e+01 -1.225051359533373407e+00 2.000000000000000000e+00
9.124674657333271099e+00 1.975254556527543670e+00 1.000000000000000000e+00
3.584173433039020029e+00 5.153447918780488912e+00 0.000000000000000000e+00
-1.939158604316434387e+00 -2.602844824781886945e+00 0.000000000000000000e+00
1.186894158383988440e+01 1.291828570107575125e+01 1.000000000000000000e+00
1.277041639280709262e+01 1.112292151229541481e+01 1.000000000000000000e+00
1.271358806819062437e+01 9.629808012803184880e+00 1.000000000000000000e+00
2.165956840272234274e+01 5.785627258647069171e-01 2.000000000000000000e+00
3.544524942446625637e+00 -2.463597096537093023e+00 0.000000000000000000e+00
6.468416400358668383e+00 1.132290928708784561e+00 0.000000000000000000e+00
2.273743956459693294e+01 1.038059234432250122e+00 2.000000000000000000e+00
1.284891189795061095e+01 1.512634120745765287e+01 1.000000000000000000e+00
1.379562562253339308e+01 8.087455602790953435e+00 1.000000000000000000e+00
1.107151234402214257e+01 1.000127231291816798e+01 1.000000000000000000e+00
2.230343368357275580e+01 1.480875348535891887e-02 2.000000000000000000e+00
-3.638686640718123755e+00 2.931351480172772472e+00 0.000000000000000000e+00
-5.184069001927910314e+00 3.623510965557200869e+00 0.000000000000000000e+00
-5.319435066386509092e+00 -4.226725201116256159e+00 0.000000000000000000e+00
9.727452152303618149e+00 1.088124829632235802e+01 1.000000000000000000e+00
2.045260096346260070e+01 5.352759322008107667e-02 2.000000000000000000e+00
-1.403751306708036495e+00 -2.478028551212882569e+00 0.000000000000000000e+00
2.061109595560155583e+01 -1.366719816860112013e+00 2.000000000000000000e+00
3.151993988685055204e+00 -7.412927196552864251e-01 0.000000000000000000e+00
1.418145144737410845e+01 4.941176222524839012e+00 1.000000000000000000e+00
-5.685604682827533729e+00 3.584486992337728051e+00 0.000000000000000000e+00
1.238098902423496384e+01 8.022094581238523148e+00 1.000000000000000000e+00
2.324132057026226406e+01 -4.556048382248151229e-01 2.000000000000000000e+00
-1.478797051599358911e-03 3.798572372648038042e-01 0.000000000000000000e+00
1.730466667445496753e+01 1.195627692683625787e+00 2.000000000000000000e+00
7.316372813187213886e+00 1.436491954161066076e+01 1.000000000000000000e+00
1.620280259423260460e+01 -2.496459613879451755e-01 2.000000000000000000e+00
5.696792592060039517e+00 6.638454419674422624e+00 0.000000000000000000e+00
1.456116296174400659e+01 9.262516857850108920e+00 1.000000000000000000e+00
2.416781054420812325e+01 -1.922866653206636744e+00 2.000000000000000000e+00
1.083589945254134257e+01 1.397587469435745788e+01 1.000000000000000000e+00
7.792108630926442459e+00 5.405667464798134425e+00 1.000000000000000000e+00
9.261828300268106773e+00 9.908980703698929915e+00 1.000000000000000000e+00
1.845409309186031876e+01 1.892727764980622007e+00 2.000000000000000000e+00
1.512733108997806575e+01 1.913533089857336833e+00 1.000000000000000000e+00
-4.991445886070697835e-01 6.428995513680181295e-01 0.000000000000000000e+00
-2.919298927892754580e+00 -2.598479021290496682e+00 0.000000000000000000e+00
2.358148687765140039e+01 -2.071235810066048622e+00 2.000000000000000000e+00
2.039149315304715770e+01 2.782336669968096032e+00 2.000000000000000000e+00
1.899648135510683389e+01 4.891737758386383028e+00 2.000000000000000000e+00
2.011549772196695507e+00 -2.481253512209024237e+00 0.000000000000000000e+00
2.120998675513767395e+01 -1.062295903301474498e+00 2.000000000000000000e+00
2.043303511180989673e+01 -4.298182073039893969e-01 2.000000000000000000e+00
2.199365090936198541e+01 1.220517132356180978e+00 2.000000000000000000e+00
5.833573504916793162e+00 7.349119751238026410e+00 1.000000000000000000e+00
6.386704036297046194e-01 1.934873763620816201e+00 0.000000000000000000e+00
1.981623814433321229e+01 1.194772323213985743e+00 2.000000000000000000e+00
1.710414741310706077e+01 -5.600700318932724464e+00 2.000000000000000000e+00
-1.130674284240207994e+00 8.372090249709563947e-01 0.000000000000000000e+00
1.493234816009667831e+01 1.721233780474234809e+00 2.000000000000000000e+00
-8.807607030535963943e+00 2.000816247101765644e+00 0.000000000000000000e+00
9.660635424639302471e+00 8.463212272983586359e+00 1.000000000000000000e+00
4.022242523594427688e+00 5.571221365117837721e-01 0.000000000000000000e+00
2.338166666686962003e+01 -4.309051269935774142e-01 2.000000000000000000e+00
9.902775128195020482e-01 6.320159467667846975e+00 0.000000000000000000e+00
2.308785415695148302e+01 2.908924130071245173e+00 2.000000000000000000e+00
2.134541424754810901e+00 -7.113792536471235106e-01 0.000000000000000000e+00
-4.781493656541601744e+00 -2.205200445174080801e-02 0.000000000000000000e+00
-2.619562047346243094e+00 -8.179564459084940342e-01 0.000000000000000000e+00
-1.056487351922197782e+00 2.247947168280723051e+00 0.000000000000000000e+00
4.246442187389249057e+00 1.522004697700024067e+01 1.000000000000000000e+00
1.768407563641868796e+00 2.083090416760796426e+00 0.000000000000000000e+00
2.205928331165656076e+01 -2.650244118976777585e+00 2.000000000000000000e+00
-2.526448976931848112e+00 -4.317214213777089249e+00 0.000000000000000000e+00
2.294294672929721202e+01 3.810684210070629518e+00 2.000000000000000000e+00
1.091954295749417270e+01 1.408257528033466954e+01 1.000000000000000000e+00
-5.953486464355403074e-01 -1.051613337656608360e+00 0.000000000000000000e+00
1.512883907219951851e+01 7.031490133856200808e-01 2.000000000000000000e+00
1.875864649116002170e+01 -3.865123811805036169e+00 2.000000000000000000e+00
4.910074647710512608e+00 8.071880147462911381e+00 1.000000000000000000e+00
1.045268676337753888e+01 1.384375798664950885e+01 1.000000000000000000e+00
1.548525126214738562e-02 3.287576545009204931e+00 0.000000000000000000e+00
1.903464618320541979e-01 -2.493004473806937682e+00 0.000000000000000000e+00
4.234745506916259394e+00 1.930583303626595415e-01 0.000000000000000000e+00
1.699833408551054248e+01 8.867211547458433429e+00 1.000000000000000000e+00
-3.007923639955503603e+00 1.581012696642773108e+00 0.000000000000000000e+00
1.183041396138986734e+01 1.421304641586236883e+01 1.000000000000000000e+00
1.378807568549285278e+01 1.089808562953770377e+00 2.000000000000000000e+00
-9.353808619959668169e-01 1.535750005238951221e+00 0.000000000000000000e+00
1.604766428138434620e+01 5.019255369229486119e-01 2.000000000000000000e+00
-3.103014747503427539e+00 -5.163914751330895392e+00 0.000000000000000000e+00
1.286567078754491433e+01 8.111120980013549087e+00 1.000000000000000000e+00
7.802244216561186718e+00 7.213082615820876953e+00 1.000000000000000000e+00
1.360361087964225923e+01 9.962572041653288579e+00 1.000000000000000000e+00
1.209087287053584525e+01 1.173943969444330371e+01 1.000000000000000000e+00
5.420672679193073051e+00 1.006834406366759538e+01 1.000000000000000000e+00
2.172453931626490142e+00 -1.766337078902444846e+00 0.000000000000000000e+00
1.688634498297967301e+00 1.236502995381699860e-01 0.000000000000000000e+00
4.204064368450712408e+00 6.076645443779592703e+00 0.000000000000000000e+00
4.153885376296764242e+00 1.294018834275564345e+01 1.000000000000000000e+00
4.104089130088527604e+00 -1.941522594276158697e+00 0.000000000000000000e+00
-1.102393513755441923e+00 -6.260954527699223726e-02 0.000000000000000000e+00
9.380578369933584071e+00 1.234876391877766189e+01 1.000000000000000000e+00
1.775899041908643028e+01 3.512539449098323052e-01 2.000000000000000000e+00
9.709193056401170807e+00 1.247969017353855392e+01 1.000000000000000000e+00
-1.144767802118110245e+00 6.666760776594585214e-02 0.000000000000000000e+00
2.420844476217789776e+01 1.460396807800670826e+00 2.000000000000000000e+00
1.526075885998990955e+01 8.421073716146818100e+00 1.000000000000000000e+00
1.598041106375207221e+01 -3.118346496267640600e+00 2.000000000000000000e+00
1.778651903374778698e+01 2.805894950418726719e+00 2.000000000000000000e+00
-1.429760779071747478e+00 -1.135028842429819829e+00 0.000000000000000000e+00
2.132987159755003503e+01 1.261448849160943464e+00 2.000000000000000000e+00
5.401705673731877155e+00 -1.583395184111957843e-01 0.000000000000000000e+00
6.341746482615979730e+00 1.531472911012849636e+01 1.000000000000000000e+00
2.332389592604801720e+01 -2.084252758098520175e+00 2.000000000000000000e+00
1.524445532036594031e+01 -1.615030263795406595e+00 2.000000000000000000e+00
2.137423639570519995e+01 6.088238294098145431e+00 2.000000000000000000e+00
2.283311646504100878e+01 4.592191901804154597e+00 2.000000000000000000e+00
1.086128353106533062e+01 6.453333980172962114e+00 1.000000000000000000e+00
2.207900030503299504e+01 -1.610456289449244904e+00 2.000000000000000000e+00
2.137085518939238682e+01 -6.619810061288158742e+00 2.000000000000000000e+00
1.733473219194339521e+01 1.892006756057853512e+00 2.000000000000000000e+00
9.646297216802604879e+00 7.441636417114356306e+00 1.000000000000000000e+00
9.282510246031648649e+00 1.716389588659407650e+01 1.000000000000000000e+00
2.738929509971356424e+01 -1.228668698737887116e-01 2.000000000000000000e+00
1.294814125701410923e+01 1.204953404360355584e+01 1.000000000000000000e+00
2.001006052916286249e-01 2.066909094952215309e+00 0.000000000000000000e+00
2.380155486651456087e+01 -1.817525361646421311e+00 2.000000000000000000e+00
-2.643445145514130568e-01 -2.378370645197517064e+00 0.000000000000000000e+00
1.043348055011046682e+01 1.066919032987035543e+01 1.000000000000000000e+00
1.925206636176124642e+00 8.018023672793672674e+00 0.000000000000000000e+00
1.439682163204160048e+01 1.462902697109328898e+01 1.000000000000000000e+00
1.010095317585512319e-02 1.270638618625459688e-02 0.000000000000000000e+00
1.582801038631723145e+01 1.547923292555596353e+00 2.000000000000000000e+00
1.840619154399750812e+01 3.993716167175944687e+00 2.000000000000000000e+00
1.896152933050512601e+01 -3.606876118996820590e+00 2.000000000000000000e+00
2.147818488382493030e+01 -6.769686801632548878e+00 2.000000000000000000e+00
6.719619908782218376e-01 -2.148338006233845299e+00 0.000000000000000000e+00
-3.513773945558759326e+00 -4.780007289799852011e+00 0.000000000000000000e+00
1.182242760867636555e+01 9.421164077662567138e+00 1.000000000000000000e+00
5.872773374465551477e+00 -3.203046009000858785e+00 0.000000000000000000e+00
1.307564314074169287e+00 1.871747976544747560e-01 0.000000000000000000e+00
1.241483309075086261e+01 5.072481696297461262e+00 1.000000000000000000e+00
1.014817744847518632e+01 1.353016017729527931e+01 1.000000000000000000e+00
1.005683613146220878e+01 7.897753835382976817e+00 1.000000000000000000e+00
2.028972097279759623e+01 1.884222415242904791e+00 2.000000000000000000e+00
1.103074621919231291e+01 7.943150818511446332e+00 1.000000000000000000e+00
-1.556236140777915722e+00 -1.320439212765275316e+00 0.000000000000000000e+00
1.051005479132298959e+01 1.041760327509415518e+01 1.000000000000000000e+00
