-2.864809567996095541e-01 -3.688837811361853625e-01
-5.076600872068181003e-01 -4.534110209449340734e-01
-3.684220846943900979e-02 -3.875656353431453094e-01
6.811774794278083744e-01 -6.236945208064514218e-02
5.194974814184554202e-01 2.620703785057145740e-01
-6.993789035994255610e-01 -4.337789109964275136e-01
3.333742721416731447e-01 3.571690280940785778e-01
-5.325788461898278703e-01 -2.213604927581639958e-01
-4.079000713387247457e-01 -3.997841077876861382e-01
-5.141449613442070632e-01 -2.736870501566735503e-01
5.958633341307251197e-01 7.638271820492764652e-02
-4.950706180821533575e-01 -4.617591696980066773e-01
-1.052770760600161976e-01 5.066161031696166939e-01
5.885594372622533488e-01 8.878642200137075446e-02
-4.399288732024309589e-01 -2.242719852455093421e-01
5.630942096671037733e-01 8.129845897026111157e-02
-4.401578907217768011e-01 -3.167660293971967800e-01
4.189414659403871144e-01 -3.697454900054637349e-03
-4.579383372295314780e-01 -2.919101193092486501e-01
-1.928636932114747571e-01 4.389547811624486817e-01
4.121720640085914655e-01 3.557171218451592454e-01
4.659691105963917335e-01 -1.173644049792097084e-02
4.625676483668930694e-01 1.449652788451417408e-02
-2.693830254984270756e-01 -3.557747384094047116e-01
-3.622027700476963541e-01 -3.876320511258999901e-01
2.232395415545949113e-01 3.030509571165838634e-01
-4.496860631280542031e-01 -5.850452540189947648e-01
3.683275407554277847e-01 2.905938820807066336e-01
-5.276070295478404448e-01 -3.990257177278844769e-01
4.669426512513950578e-01 -4.823657646870356530e-02
4.475127889912426382e-01 -1.858196409079314326e-01
-4.958623326883159627e-02 6.011061690047042605e-02
-2.917804611248009383e-01 -4.878639883517102982e-01
-2.949393919974145906e-01 -3.975701475246724570e-01
-1.709109798992836660e-01 -3.555328513871066631e-01
-5.901075023949706733e-01 -2.560422223983200851e-01
-3.299244583180376278e-01 -4.465842911367728929e-01
4.261757396626218997e-01 -5.497864358595239143e-02
-4.471875248220880672e-01 2.032706464392226020e-01
-5.653301475712012580e-01 -3.744550709045219028e-01
3.354212946397482353e-01 -7.955143471372101704e-02
-5.861091726525902157e-01 -2.654732662651311803e-01
3.080711899033156120e-01 1.293203641737102616e-01
-4.251974648125907974e-01 -4.311809726898358508e-01
-2.845309015213204895e-01 -3.310410665405928432e-01
-3.629758161334634692e-01 -2.870746646644172229e-01
4.297206910212814090e-01 -2.385500275003477055e-02
4.478910974541216450e-01 6.012219242299052940e-02
2.581494760432940794e-01 -3.277818484344187377e-02
6.380993187686195833e-01 1.272050839426449031e-01
-8.145669326143839539e-01 7.201927916277045538e-01
6.591156645038507289e-01 -1.143700917678020235e-01
-3.792046923513122114e-01 -3.938207568887916454e-01
5.789106266600677619e-01 -5.682556702982215907e-02
-3.537097374169992925e-01 -3.335581223548509389e-01
-5.924458713393422338e-01 -4.025518810821256399e-01
-5.626953093158986174e-01 -3.090915457788941945e-01
2.912406909686557910e-01 -1.149776823316825403e-01
-3.844678316216507685e-01 -5.671882750032883891e-01
6.344014241060741410e-01 -5.698549067430796339e-02
-3.597658136485703539e-01 -2.503005434536427765e-01
-4.112947100112721577e-01 -3.046462360774276901e-01
-4.965072076351488284e-01 -2.866488310307085396e-01
-4.343353932160293751e-01 -2.634265641480582065e-01
5.527309714269323937e-01 1.363629007017934658e-01
-5.548981547070388487e-01 -3.926624362725608108e-01
-4.337149531535761104e-01 -3.739720543653694551e-01
6.187745619818586507e-01 -1.603736029161748761e-02
-4.813231781712452029e-01 -3.186425661584609270e-01
-4.418021931010190917e-01 -3.344798275250595587e-01
-4.892382789180761415e-01 -4.170277537435740367e-01
-4.186137836548201596e-01 -3.643894829980534600e-01
-6.292367004390158058e-01 -1.085897033669075418e-01
4.752060211625469544e-01 -1.389611571803178458e-01
-4.647906480251217665e-01 -3.296276687317475917e-01
-3.659072766083985018e-01 -3.356083174500669175e-01
-3.723814485043434042e-01 -3.354192322388839798e-01
5.634026830262763852e-01 -4.675125590672888493e-02
-1.609315663070197133e-01 -4.089975468360763089e-01
3.289974567457399357e-01 1.461417916180650922e-01
-3.909287375463730285e-01 -4.653919927212649688e-01
5.045187147066486633e-01 -3.060385607829222976e-01
4.177617924615285583e-01 8.383980715663613692e-02
6.006407029528894048e-01 -4.190392669612427734e-02
-3.804398371056862960e-01 -1.769243386955947628e-01
-4.313650919420333740e-01 -3.946687482497240884e-01
4.197865102694898765e-01 2.053131268385603378e-02
-4.136184622001814470e-01 -4.446550964225204350e-01
5.831576929556193667e-01 -1.312989706966214143e-01
-5.146643290066026388e-01 -3.157111248945953519e-01
2.052723217534000721e-01 1.375929412917244188e-01
6.525388961817457645e-02 4.623583626183909723e-01
-3.114088796171970985e-01 3.877155179427552723e-01
4.954824940608596462e-01 1.113792497948417615e-01
-3.760048351354378648e-01 -3.007321454333988786e-01
-5.693562598293960830e-01 -3.911257689101613200e-01
4.659279173632905474e-02 4.823095232220886985e-01
-6.109797166983708117e-01 -1.089515057855912072e-01
-5.357311947187325396e-01 -2.900018349841663179e-01
2.713248332745730740e-01 6.339714453299181152e-01
3.289130263636073082e-01 5.502270440352119429e-03
-4.836299294487562128e-01 -5.116050794936235491e-01
-5.178298720502521046e-01 -1.777810320576868053e-01
6.468511852834180065e-01 8.925826892445455629e-02
-3.159002839779629368e-01 -3.005762526337931728e-01
5.912525926189239334e-01 -1.324470379811500988e-02
-1.756585276552363462e-01 7.889064357405348726e-01
-4.198303807637820406e-01 -2.672956789471355177e-01
5.168366975042489875e-01 1.953934709425386718e-02
-1.503459349534864986e-01 -2.490217188008658766e-01
1.197439219093068830e-01 -1.655547668824638441e-01
2.838561179507910134e-02 2.638414664783694796e-01
-4.040294128280527697e-01 -3.322408623363946045e-01
-2.586517851017204328e-01 5.858585923896053593e-01
1.423633449610076096e-01 5.061213093693709419e-01
4.388321362706917306e-01 1.057189723178499768e-01
-4.949111209755579499e-01 -2.479043619674975996e-01
5.140408298695089417e-01 -1.608458959948523004e-01
-3.752994548727197066e-01 -4.539096110427195963e-01
-1.368951717149841929e-01 7.646737638626022182e-01
-3.825980086572448036e-01 -4.329195427823254172e-01
-3.533179157577394092e-01 -3.462055424440251827e-01
4.558086421031248281e-01 4.868510784860176355e-02
-2.604228756672479772e-01 -4.622573289677895381e-01
-5.734504623742214813e-01 -3.846081468084589505e-01
-3.855042339602199886e-01 -2.360007698798188280e-01
4.888433980866698225e-01 -1.456998919374568879e-01
-4.125338017121560341e-01 -2.775747510496855419e-01
-3.414956512969506974e-01 -3.137054628879592522e-01
-4.870596342544854518e-01 -4.520895979718221325e-01
-4.015190583811235059e-01 -4.823087918610623470e-01
4.868740929237324599e-01 -4.684419406405757047e-02
-2.878019772959234945e-01 -1.604249114279162614e-01
5.400132895866340821e-01 4.593508294318288110e-02
-4.716587544292100698e-01 -5.263641424758114251e-01
-4.613431703267261152e-01 -4.024954984224522470e-01
-3.666531553181311964e-01 -4.150773459916916597e-01
5.638918161588574174e-01 -7.808886819612102792e-02
4.234174188445006815e-01 5.404360283556306488e-01
-4.637943836989875113e-01 -2.569014876675168590e-01
-1.353638638191378141e-01 6.438258960635602213e-01
-4.979833903376958415e-01 3.994316828756807602e-01
-3.650720598878697820e-01 -2.853991954954145926e-01
6.748639430840033260e-01 -8.563245268647842745e-02
-4.311778393863265890e-01 -3.955211896438906027e-01
5.388983013924730781e-01 1.195296575897151492e-01
-3.766971372941720908e-01 -3.561403058348216466e-01
-4.638614670812308272e-01 -3.100580853686591420e-01
2.017360968173813607e-01 3.414045444640025351e-01
-1.285727421685030070e-01 -7.819985918900351773e-02
-4.336437471344068983e-01 -3.928154945742349247e-01
-4.181801093018922555e-01 -2.836702009441938177e-01
5.032972762744323258e-01 -1.448138866865664523e-02
-4.403352926424157765e-01 -4.140654907788673400e-01
3.685300964196643880e-01 -4.989533907430811904e-02
4.781751582525893274e-01 6.950789935271060871e-02
1.660578820038567938e-01 3.211822086743376659e-01
4.629800250882873391e-01 3.383601867426603294e-01
8.451262930321797040e-02 5.371985724383671057e-02
-2.332460287850458003e-01 6.622476380067943147e-01
3.766465608704033796e-01 5.437175732010839785e-02
5.472273168749205441e-01 9.527825872474286750e-02
-3.821219186922110711e-01 -2.443229245790575210e-01
4.378051580174053825e-01 4.823531191463232420e-02
5.892814735494429357e-01 3.966375557935793855e-02
-2.871934754751543917e-01 -4.662930649688035167e-01
5.275183025704676121e-01 -3.300123249952882903e-03
-3.635578331386574713e-01 -3.586746046474740823e-01
4.438869558236944735e-01 9.154550294817975775e-02
-5.011210805226175014e-01 -2.738818798096952500e-01
-2.057988123136909875e-01 -3.249263298807495426e-01
4.226540853785797913e-01 -2.591970107977931703e-01
3.586733944735582269e-01 -5.534640204376087280e-02
-3.592498063373938955e-01 -3.337910333314264566e-01
1.404084935989103299e-02 1.531293314325234689e-01
-3.232184900648179537e-01 -3.947959708252631317e-01
-5.134813529482107342e-01 8.252121449202148851e-02
-3.845898516029927494e-01 3.064927272600823094e-01
2.831170027384098953e-01 7.630106143414223940e-02
-2.726494598842182371e-01 -4.321002238501912562e-01
4.119417469219340266e-01 9.440641286793947928e-02
4.980630628454036368e-01 -1.999002639129706521e-02
-4.504889600020561824e-01 -2.813362529055470906e-01
-3.391192771737428502e-01 -3.238787819696373749e-01
-3.132561345554839560e-01 -4.535780054424461416e-01
6.660831708099357318e-01 -6.135383256160667487e-02
4.210963728215780244e-01 1.569823469768056867e-01
5.865147869093625399e-01 -5.527322440306987883e-02
5.151342151227323862e-01 -7.735868290446729079e-02
-2.867485083175627114e-01 -5.288184950203909107e-01
-4.545878197430425760e-01 -5.412074165150487781e-01
-5.168145368520904448e-01 -2.851558862429304231e-01
-4.389282932975810403e-01 -3.247818398685943242e-01
-4.506908562926358053e-02 4.415017635268548846e-01
-3.894811447587728792e-01 -5.099663683714522611e-01
-4.307582179507079001e-01 -2.755119074019927172e-01
9.749124821892998782e-02 3.541855200364986134e-01
3.818518982179595067e-01 -1.140087407899999516e-01
-3.718554743499783988e-01 -9.228706419777210623e-02
-4.566541281822557030e-01 -3.962830640361056922e-01
-4.920070672539408330e-01 -4.640434808392518429e-01
5.015516058737435889e-01 -1.162008239081685620e-03
-3.353260120445605841e-01 -3.263615326448392473e-01
-4.438693275818238471e-01 -4.307947493373933678e-01
6.847748080161598638e-01 7.460133208099273272e-02
4.183218342040275206e-01 -9.832370383686812876e-02
-4.021320354102721484e-01 -5.277631886296432207e-01
-4.026178115480418263e-01 -3.884214036187118024e-01
-4.139826721517190222e-01 -4.162811086544746519e-01
-3.177362064760046456e-01 -2.132090164797041387e-01
-3.986269723867063575e-01 -5.791758258349012367e-01
6.093236844452457612e-01 2.708522143152970046e-02
-2.620992557658789468e-01 -4.465092852051248951e-01
-9.177694665722969936e-02 6.049934377220744786e-02
4.051500615953619877e-01 2.437107099637516039e-01
-3.781731903571030617e-01 -4.719264923910952980e-01
5.170364254554342676e-01 -1.262698784216641501e-01
4.390361824690511838e-01 6.494010031697907692e-01
-3.395669427254212613e-01 -3.552844196504846286e-01
-3.983222724418592486e-01 -3.365862756716252457e-01
-8.469998917727904197e-02 3.449087969724493608e-01
-3.017346111496712613e-01 -3.503854411131782087e-01
1.195006095613608682e-01 3.392235961609813000e-03
5.653619128054797605e-01 -1.863639265232652428e-02
-3.439078265052551986e-01 2.441834497982839081e-01
-3.267635718129794364e-01 -2.290926227970990492e-01
-3.919068116173447525e-01 -2.763898483209583090e-01
3.800755671039293127e-01 1.210326247931131499e-01
-2.868398542716297794e-01 -3.564159487319780162e-01
-3.134972217652045590e-01 -3.352789447316268934e-01
6.496860276989471217e-01 2.583256689275575946e-02
-5.016077796346469775e-01 -4.968249744787950339e-01
-2.462282289859444029e-01 -3.614714659455366408e-01
-4.940654007519987845e-01 -3.476332379163395991e-01
-1.789769996937908281e-01 8.336379100078807891e-01
5.467871686140709508e-01 -3.843316476841546203e-02
-4.061360170435544537e-01 -2.448007079448951684e-01
6.097877921650978195e-01 -5.728352287422449479e-02
-3.812668291807091991e-01 -2.452715507018835561e-01
-4.089774323216877061e-01 -2.900656985027982859e-01
2.541774374961777716e-01 -9.270078545002302661e-02
4.475443061059580785e-01 -1.798775755582293634e-01
-3.975412531252792148e-01 -2.865148924371837547e-01
-3.610942829616111127e-01 -4.521006182226057213e-01
-2.266254950060715978e-01 -2.754572438181913663e-01
-3.551176019518185178e-01 -2.106964982594978497e-01
2.480051590874118028e-01 3.930145913950772174e-01
-2.881527064905682334e-01 -5.362496564922009101e-01
6.701711778824382959e-01 3.504055580119504881e-02
-4.107705611542429303e-01 -2.590272687561719911e-01
2.122845100801648843e-01 4.268919999478226757e-01
-4.072510460513376618e-01 -3.884949941194883460e-01
-3.598847885219224052e-01 -5.871113755291557101e-01
-5.325953444006055193e-01 -3.426559120536430969e-01
6.758991227689323811e-01 -1.573678278997973079e-01
-3.626860844279057861e-01 -2.462518897785329064e-01
5.977725544083172249e-01 -2.421473230753912742e-01
4.985042327070951518e-01 1.918867426432094847e-01
4.251423274461274548e-01 3.479217669361622106e-02
-3.311405311608598412e-01 9.473229350591061415e-01
6.250524780514142842e-01 1.552909512640671119e-02
-4.049394172910802392e-01 -3.826376493918521304e-01
5.397141392711005681e-01 1.858016617921237276e-02
4.832102728648782763e-01 -8.166879787987052497e-03
-4.395857729665216262e-01 -3.889583599621665999e-01
-3.562116478054965785e-01 -4.583862821470254256e-01
5.175926904211848312e-01 -1.471649268535454025e-01
-4.438791697106653222e-01 -3.939703478989335927e-01
5.258761892556942374e-01 -8.915059911771477941e-02
5.130875199995020841e-01 -1.381770199846477920e-01
4.221308810109624665e-01 1.883430609628182484e-01
-1.100994220472920615e-01 2.113913008160568374e-01
-1.707057167722268176e-01 2.839648635748077687e-01
-3.015982174914258462e-01 -2.616616274311636126e-01
9.701258402285263538e-02 2.301124483222776185e-01
-2.046816706329116775e-01 7.133292167112019744e-01
-3.217356054936517662e-01 -2.941369369529998057e-01
3.419697378412396294e-01 -3.896452487452017194e-02
-3.270627925495500077e-01 -3.821839347890382266e-01
-3.817670308791323297e-01 -3.200844645987730441e-01
-3.282195849155115086e-01 -5.438278753186660541e-01
5.812126095228018485e-01 1.657421433308554903e-01
-4.498921555933108607e-01 -4.567854765710765430e-01
5.034197791432826197e-01 3.068535533506007440e-02
4.420038684003214091e-01 9.522280916328114408e-02
5.276398861447590960e-01 -4.002277387982222656e-02
8.675686726561886164e-02 5.743569369651659873e-01
3.316584235390003244e-01 -1.248643358589310443e-01
3.862467114672061275e-01 -8.841919560941498279e-02
4.773388558033939133e-02 4.049800658529883468e-01
-3.999489165217141040e-01 -3.682503107124160957e-01
1.972015996653583569e-01 2.175243089793153506e-01
-4.671134003279321378e-01 -3.314466337063230461e-01
-4.116243528049732259e-01 -4.442769010722816825e-01
-3.039544286881982194e-01 -4.931245267484186678e-01
6.125647786094637892e-01 3.095510439215055226e-02
-3.172743342182227644e-01 -2.280448962723889417e-01
5.483515058720723756e-01 6.654128005915399546e-01
-3.313181943054600009e-01 -2.254022082335032651e-01
7.324170001903191896e-01 -2.394598430322841115e-02
-2.932332710263872433e-01 -2.601083469194295228e-01
-4.565184480334539274e-01 -3.836040695176078374e-01
-3.241478799457150339e-01 -4.277808774413031090e-01
-1.963350029563276644e-01 -3.208731225028800815e-01
-3.708962028535367494e-01 -4.803426228179011326e-01
-4.039337540641070867e-01 -2.948840920651129016e-01
-1.070269568364242037e-02 4.118868463542889602e-01
3.701000383409581151e-01 -1.111031635062832978e-01
-3.914757642192566722e-01 -1.586096951302669866e-01
4.441496370007138594e-01 -3.873097193153496320e-02
-4.859660397989566949e-01 2.360622156424328488e-01
-2.520580833112402441e-01 5.716818610879070839e-01
-3.277059290051050344e-01 -3.490229071990786913e-01
-4.312307918611408275e-01 -3.586400001141819005e-01
-5.304408442826118453e-01 -3.053792803291013880e-01
5.905434279211738691e-01 5.149409787921902654e-02
1.201223000822374543e-01 8.022316548345798104e-02
6.734970494893183224e-01 1.959209564578661134e-01
5.345558132378153138e-01 -1.145100456392997845e-01
-2.654366617251444627e-01 -4.523479950209877143e-01
-2.070014052139869942e-01 2.113178687353552965e-01
-3.301362359318462669e-01 -4.064947641362847142e-01
-4.949165909461545332e-01 -3.627714078273758247e-01
-2.758293164189380420e-01 -3.010181944542164589e-01
-2.812153695210313775e-01 -2.434501023241435191e-01
6.239538982620890240e-01 -2.832603558087389180e-03
5.397341545041827171e-01 9.576409980778963216e-02
3.352229519499712596e-01 1.703342405066960580e-02
-3.967629496713682702e-01 -2.310655929577103418e-01
3.505598672988862741e-01 -2.269450358489586983e-01
6.704237147096545613e-01 9.338698851792692768e-02
-3.489320502630887111e-01 -6.451879558893164335e-02
3.374270029303841900e-01 -3.056693515513849158e-01
-3.639188322564681499e-01 -3.832794093929765555e-01
-2.221122337343501840e-01 4.337605137462516858e-01
3.498697560426294317e-01 3.279927412288052846e-02
5.876103803623277111e-01 -5.999174450880669952e-03
5.760979944815853848e-01 2.564095627305159816e-02
-3.147427172586590993e-01 7.203564089784224578e-01
3.461812074964952801e-01 3.783258414938011488e-02
6.428189763617288000e-01 -2.647923393479523647e-03
-4.720081550741410115e-01 -1.748479635906298180e-01
3.744435705948648829e-01 2.338280834459433299e-01
4.142533851289800229e-01 -1.902874466617028582e-01
-3.121867635327104651e-01 -3.081028923185433754e-01
-5.374140220293391508e-03 -1.418860223547757649e-03
3.327169837858382634e-02 4.380470941881801084e-01
5.362693876026413120e-01 5.174825019988055219e-02
-3.835636389918539169e-01 -3.543084860888968124e-01
-1.290297509023514977e-01 1.264107419546913469e-01
-4.953365953200274951e-01 -2.726387412037966085e-01
4.525558322165323943e-01 -1.499720866658903196e-01
6.614892095468992705e-01 9.744419315515129298e-02
5.298045352447491307e-01 2.835232707134816010e-01
-4.232085204219365737e-01 -4.555128225915561213e-01
-3.612277393496986511e-01 -3.073724285876404672e-01
-5.272194785428757635e-01 -4.893520128356367849e-01
-3.678410106914055122e-01 -3.583016348557887532e-01
-3.341335019850512622e-01 -3.844683258468948317e-01
5.933223183978415527e-01 -9.121604833441764038e-02
5.586349765124559719e-01 4.422469351467556847e-02
-4.286589555711727284e-01 -3.799944166927236022e-01
-2.014975904994312783e-01 2.567237726368153394e-01
3.276421353400942316e-01 -2.196965027358416533e-01
-3.251753894630918240e-01 -2.672816852396691645e-01
-4.642378453085570511e-01 -3.453619505315283500e-01
4.196983958737555143e-01 4.591520292086987559e-02
-4.314498974353506155e-01 -2.936993432964930539e-01
6.256948718991908187e-01 -1.584657559606581639e-02
5.111968470329462111e-01 -5.704535345369331906e-02
-4.734188895663634655e-01 -2.251430528660309793e-01
-5.428940363724703566e-01 -4.989290818044690989e-01
-5.117821598826232110e-01 -4.267324603608361744e-01
-5.059183274230584226e-01 -3.105909375900247626e-01
1.948434120107496448e-01 3.727947918395244642e-01
-2.695144839097726175e-01 -3.664375043002153776e-01
-5.493637979037599983e-01 -8.027402045454884449e-02
-4.017390179156776209e-01 -3.030798079271965761e-01
-4.026953957308164189e-01 -4.712529228977623275e-01
4.085121832990793594e-02 6.800655086710144515e-02
-3.850966561885957318e-01 -2.166261491280700169e-01
6.215221305074239977e-01 4.808987552319549802e-02
5.148840758937535123e-01 -7.285189880716951005e-02
4.543255517649981701e-01 2.820761220888574894e-02
3.906963661271603550e-01 1.443398836744934910e-01
-3.188561378571723726e-01 -2.860326113741195053e-01
-2.669005973850808733e-01 -2.768392057256832128e-01
-4.372517279811785618e-01 -1.373472465626038308e-01
-3.379428326979251329e-01 1.649223324613651176e-01
-4.812543693234618836e-01 -3.875619148704952943e-01
-4.448212462382245547e-01 -1.763383219749580511e-01
-2.688482561382103397e-01 1.320342135338853362e-01
2.359549221789428719e-01 2.031194570224358897e-01
-4.400951227413422706e-01 -3.497623955983715782e-01
-6.346874755748438401e-02 7.613560017247147371e-01
4.872750161373320954e-01 -2.554197955396683706e-02
5.646962928092631451e-01 -5.220650178571939470e-02
-3.332938014611862565e-01 -3.675762892374375146e-01
-1.931331556269756319e-02 -1.523235368208918916e-01
-3.869219969420818472e-01 -4.082486208147480533e-01
4.906777778275547286e-01 -5.160828335885454810e-02
-4.018420401129338959e-01 -4.950157360015433605e-01
-1.370379748571382839e-01 8.615442624488145462e-02
-4.868578004783855051e-01 -3.448694522661153172e-01
4.260137525290415006e-01 2.536569858961780222e-01
4.662339919016100231e-01 -2.184918261383236304e-01
6.976370600231412977e-01 -3.314684525054522463e-02
6.615756026886663310e-01 1.226034265128607692e-01
4.511268111593801367e-01 -3.728734315714533898e-02
-3.861390623606309469e-01 -3.492871595841002264e-01
-2.557081405956925790e-01 -3.439097794848733347e-01
5.758605289169695940e-01 4.295863709548014553e-02
4.309240472152329748e-01 -1.668725043735374280e-01
-3.234880654798233390e-01 -4.444420349562199779e-01
-1.386650273155602686e-01 5.492773955865084545e-01
-2.424826851285112883e-01 4.178749450239672703e-01
5.409194874309930512e-01 -5.645538730011898099e-02
-3.809317195708613046e-01 -3.907341374434517012e-01
1.070259843153537616e-01 -4.448439332725762085e-03
-4.080737628976811027e-01 -4.107531087847823281e-01
-4.839316007984435508e-01 -4.154171411183977813e-01
-4.065073869064222412e-01 -1.758960822366756604e-01
4.987571612271654020e-01 1.419671229973454019e-01
5.168196127491599956e-01 2.160002077860420644e-02
4.269043118861242658e-01 9.830114686984293276e-03
-5.140611328547612935e-01 -2.974726179469839860e-01
-3.726296907037502937e-01 -4.287424505787887363e-01
4.655043788167396723e-01 1.125568814220390818e-01
4.430913194866423765e-01 1.326204310097018335e-01
-1.282066293571368087e-01 1.689455019597700947e-01
-4.067662024568050039e-01 -2.890605790350778692e-01
4.098878824073721172e-01 -1.296080954541935226e-01
-5.387110409265494226e-01 -5.189036885867823745e-01
2.982933594983967485e-01 5.675107127296713516e-02
5.826812645858544526e-01 -1.533307476911787981e-01
2.110156107042377160e-01 1.849164487061598083e-01
-5.721748252450669092e-01 -2.794496241071434128e-01
-3.077342962980340602e-01 -4.924703473340905080e-01
-4.029022921852299377e-01 -4.712113123424659933e-01
6.132853130934824426e-01 -1.382953479926531809e-02
-3.305217912113586620e-01 2.077564741756352529e-01
-4.386699565405756118e-01 -5.080978162311015067e-01
-3.062437882389220656e-01 -4.004330449796440483e-01
4.181344266118779962e-01 -1.349401119984542374e-01
5.646154491518591279e-01 -3.770518226025137976e-02
5.883334678842313537e-01 -9.641251621912107217e-02
-3.331763018540025434e-01 -4.163606649728605613e-01
-4.242209935104123142e-01 -4.796525893784657768e-01
4.419535349355486753e-01 -6.963963918703774958e-02
4.227330433242300067e-01 7.448273483090482594e-02
-3.290793687625001018e-01 -5.834220001621359675e-02
4.350992112127100575e-01 -2.385235488362072442e-01
-5.662331652857555131e-01 -3.388683738347642582e-01
-2.580924572228670555e-01 1.249055881306127547e-01
3.305700990620608071e-01 -1.617888515981530037e-02
2.047134601451331137e-01 7.855087426489992808e-03
-7.169105036303327627e-02 4.874846964310100561e-01
-4.319969628729455891e-01 -4.167416869169534577e-01
-4.102859675201518397e-01 -5.084269881911102074e-02
6.844550733281265509e-02 1.121642215639368778e-01
-3.635365020692219451e-01 -4.599516519555469918e-01
5.010004061758389637e-01 -1.056094546785030924e-01
-2.283212926010974864e-01 -3.450826743003411190e-01
4.888111411850273313e-01 5.725834292516939622e-02
-2.479085960428788205e-01 -4.206753265519350693e-01
-3.673184664283004608e-01 -3.010823829050515710e-01
4.413609631191111049e-01 1.720443819623254378e-01
9.686869921318298771e-02 4.986345847005603238e-01
-7.372665300660330434e-02 2.595662124388434799e-01
-5.160323852757904284e-01 -5.664734461667351173e-01
-3.650337221479209027e-01 -3.924652587447469143e-01
4.975969478830228332e-01 8.840167809963740686e-02
4.484063535603783901e-01 -2.419791909533616434e-02
-1.960393786525979898e-01 -3.922204256037091219e-01
1.155102737156406961e-01 3.551050928121468608e-02
-2.662468454649155603e-01 -2.690695403076734937e-01
5.253720035550496492e-01 -1.212930947514799795e-01
-4.544221583853368385e-01 -4.235257050572809878e-01
-3.664316412029477998e-01 -4.111552587288735960e-01
-4.328838330101760223e-01 -4.678106693321675835e-01
-2.167100832680506906e-01 -2.877984914265654393e-01
-2.549692562260386652e-01 -3.242085970668076023e-01
-1.810881039486124111e-01 9.799659277438063643e-02
-2.416375787156162802e-01 -3.388802368746461346e-01
-1.417427689862201801e-01 -2.231238267488760418e-01
-2.757684887040046107e-01 -4.886912096520943938e-01
5.626637737766262415e-01 5.979611284653001818e-02
-3.996998444291148811e-01 -3.452215807164222827e-01
-1.361719058242425728e-01 -8.918682820067219685e-02
4.668092467655550748e-01 -1.869686686048476210e-01
-3.072051863866206434e-01 -3.105297716545522557e-01
-3.638924980905823281e-01 -3.868537211430728151e-01
4.495867310884158474e-01 -1.574888522882424424e-01
-2.852383664919128647e-01 -4.327957299058624030e-01
3.683718771339925535e-01 4.207331742919637185e-02
4.265891245948901234e-01 1.036948923427432057e-01
5.074934136470075074e-01 1.489094578329342999e-01
-3.820345193648522208e-01 -4.525933245613014133e-01
-2.420833565948315724e-01 -2.829117335723425608e-01
-4.524390228301778949e-01 -3.759022265722688494e-01
3.675739187517039208e-01 -7.607248188249549070e-02
-5.331155835979899393e-01 -4.561183348192585640e-01
-5.218958274006736398e-01 -3.775240851940988018e-01
-2.146472026451881066e-01 -3.365384698851492384e-01
4.307847433812238558e-01 1.346718624531143826e-01
-4.082051751971489395e-01 -2.947517975250261157e-01
-3.850561274590417193e-01 -4.813092280643803678e-01
-3.877988218209538762e-01 1.267703829754975309e-01
-3.036374658571826535e-01 -1.314382655032532987e-01
3.497856369019036182e-01 3.912816193899642525e-01
3.440012054606558234e-01 -2.187362459837929041e-01
6.946378526819690924e-01 -9.776739145076984716e-02
5.694211628984632845e-03 1.616803971321504330e-01
-3.349953054862357393e-01 -2.621777964695914953e-01
4.762412978645799710e-01 8.526537298822076116e-02
-5.133200270539266530e-01 -3.986584789631760772e-01
-5.329720409280596094e-01 2.358789800397069480e-01
3.683707895470328952e-01 1.660959668392192057e-01
-3.546151135610349225e-01 -2.420504534700505805e-01
6.034995279789967526e-01 1.314158787524585207e-03
-5.195396179924294255e-01 -2.560204402942958257e-01
-5.929312232505851155e-01 -5.553410981634706589e-01
5.519127967444753535e-01 -6.297322161687594032e-03
1.070788389146332675e-01 5.705916585293285825e-02
-3.273743027481632595e-01 -3.207326261587213900e-01
5.050476901668990992e-01 -2.369755950130815469e-01
-3.823143271593031356e-01 -3.768039913121951079e-01
5.196279274012145510e-01 -3.485569298318995368e-02
4.901059935845812898e-01 2.586980268040936504e-02
-4.279591908899374464e-01 -4.513184275518832278e-01
4.515543237124716169e-01 7.708324138981009765e-02
5.146641967189279354e-01 1.527062242509430456e-01
5.588423597681487776e-01 4.325469254155987764e-02
-3.731521911523691393e-02 5.959940861938790579e-01
4.953155713164874574e-01 8.780223583789209529e-02
-2.003584904333138850e-01 -1.790886191284657702e-01
-4.710635661649396622e-01 -4.533117761435895288e-01
-3.175960708140485589e-01 3.170347816187703005e-01
-4.021822652175743862e-01 -2.947476185701953799e-01
-4.451067772098302178e-01 -2.730079404723324554e-01
-3.419528682715388124e-01 -3.487783775046994217e-01
-3.672970073697903182e-01 -2.798533682878915907e-01
1.512665452669374189e-01 2.810038360074909036e-01
-5.622511329392354540e-01 -3.296731003961998474e-01
-1.254370211080615416e-01 -1.073895791179424464e-02
3.046481545883454878e-01 -1.347973260498539216e-01
4.663984734521821052e-01 9.892150601760013595e-02
-3.637990528726427475e-01 -4.171185343205723872e-01
5.090617087477879998e-01 -1.014917009462895647e-01
-5.007904821203519319e-01 -1.785036848015829070e-01
5.174320948418659194e-01 -2.286081458420725354e-01
7.012384683006989139e-01 4.317785395444301288e-02
5.335580756079454368e-01 -1.839555454847900673e-02
-1.194916709219700224e-01 4.518214883867521792e-02
4.622390590479585337e-01 -5.289542134798630099e-03
3.548666309333166624e-01 1.433473191763154908e-01
-3.632106460477518284e-01 -3.273250700032442340e-01
-3.791194250603908689e-01 -3.961554269653869143e-01
-5.790895104044058161e-01 -3.875467837046265296e-01
2.306664082049317832e-01 5.449628740564044227e-01
-1.998239358659807119e-01 -2.770177323355262899e-01
-2.766298191420524799e-01 -2.116201321807139879e-01
-5.342919220577200257e-01 -3.416569558602063350e-01
3.955166701065291890e-01 -5.488869835072684999e-02
4.060105110561920694e-01 7.167722228232548121e-02
3.570363282109857428e-01 1.337889404620079270e-01
7.253040928138713150e-01 -2.465785165055313088e-01
5.396884760752823640e-01 1.143484224252916681e-01
5.381768143636699309e-01 -5.556543277416949034e-02
5.121513246830680099e-01 -1.102546592377469381e-01
3.595760040897930110e-01 -1.847120424006435391e-01
4.885726619170561724e-01 7.834240954881560234e-03
-4.257204487890995925e-01 -3.754326771951127517e-01
-4.092615300428023573e-01 -1.672295232361345751e-01
-3.965898759530196993e-01 -4.287242118596028551e-01
-1.066567065126731717e-01 4.150494682020572923e-01
6.058006843415517650e-01 -7.204055621822585964e-02
3.113695231322651802e-01 -1.025855675795498273e-01
5.599390350389240600e-01 3.019841732257805278e-01
-3.433092656111842444e-01 -5.191127160209658697e-01
4.134936007502045263e-01 -1.612049359870342535e-01
-4.885109908393374112e-01 -3.885363111542191050e-01
-2.410919593799308938e-02 2.089642459148884357e-01
-2.914846668295960064e-01 -3.224526273170280621e-01
-6.028950185919121907e-01 -3.131247737704739853e-01
2.997562363202079250e-01 1.398658034402498196e-01
9.395363107337952047e-02 -1.312607402525735045e-01
-5.469890143880711264e-01 -3.808785028385211491e-01
-8.230650894482358093e-02 -3.196003810823643820e-01
1.186054693221444412e-01 1.878604503689519367e-01
1.306751281256603387e-03 1.835139946712519565e-01
4.810747417672858184e-01 -7.053776646686828536e-03
-4.062844870062201075e-01 -5.886503834198025809e-01
-3.932769505572235591e-01 -3.609544508178362809e-01
-1.802210641869601560e-01 -3.124077158292492551e-01
1.279737511154586949e-01 6.433480273223803891e-01
-2.280049329264548230e-01 -2.083652701405206420e-01
-3.310646917726884908e-01 -1.877554358268611334e-01
-5.298244666273420611e-01 -2.961655017639598930e-01
4.879128933161820947e-01 -4.526922685576630252e-03
-3.597000843861705710e-01 -4.442827532487657605e-01
-3.345184974245929421e-01 -3.749311846013237415e-01
-2.493705513178885377e-02 3.769569425768024007e-01
-4.149689607232188160e-01 -2.195468658537653994e-01
3.715438708894038822e-01 1.457859748117460164e-01
-3.953938991475777764e-01 -1.831917418110250717e-01
4.047160039057489112e-01 2.243771038701559140e-01
5.676962072154405625e-01 2.088027442381533080e-02
5.726506438809149113e-01 -4.110792984679645379e-02
5.989574327786787444e-01 -1.284037811314382195e-02
5.880484224315520869e-01 1.243866888788777367e-02
-1.537933547941458534e-01 1.962557581292401765e-01
-4.735332666272722424e-01 -1.668180771604807211e-01
-3.756445551970457042e-01 -4.705995271356687160e-01
4.988210989772731696e-02 6.644630965627337238e-01
4.899690042854494276e-01 8.198368441166149767e-02
-4.921665601348999552e-01 -4.846084774974959153e-01
-3.201660979359048365e-01 -3.687122848453784352e-01
-4.562159663251682540e-01 -5.579501409471459006e-01
-3.050725146482367589e-01 2.897653262192285695e-01
6.455268836523707842e-04 6.818235795828557766e-01
4.507901217227829882e-01 -1.759028293134893006e-01
-3.999453766436306124e-01 3.953940200767842583e-01
-3.877257036406307478e-01 -3.912956948967619142e-01
-4.938766984009527183e-01 -3.382419475896749628e-01
-5.138842706891705303e-01 3.839257373288001429e-01
-2.907751275814945413e-01 -3.490525154833059029e-01
-3.831535828444171954e-01 -4.238840953887111906e-01
5.974246512806443699e-01 5.798786038638136658e-02
6.497425936464021889e-01 1.784658161017537228e-02
5.068605554727003693e-01 2.790842249562667382e-02
-4.924791667322235278e-01 -4.313155166376534400e-01
-1.695996336965229778e-01 4.611042669908933522e-01
-4.418091641190153296e-01 -5.081951366853983965e-01
-4.362712709627080687e-01 -2.543492460861708215e-01
5.466906439171803633e-01 -2.019375169003652104e-01
-5.662714302555481583e-01 -3.362776049277646506e-01
-4.761769518813747659e-01 -3.857135422498005339e-01
-4.349676339043806461e-01 -1.071671546986463497e-02
-3.727860294212375081e-01 -2.303971959560822680e-01
-5.674576500352234154e-01 -2.475352402014928122e-01
-7.358607506635016227e-02 -1.035699683894183432e-01
5.420256805318232063e-01 4.479174376535551005e-02
7.097285711056230406e-01 1.465893270425614181e-01
-3.396043641169659844e-01 -2.778768811985966036e-01
-5.106022998908461563e-01 -3.457365975642397449e-01
-4.618562647236090779e-01 -2.807852777724251236e-01
-4.093165722772076354e-01 -4.430430338287595360e-01
-8.965324643902315704e-02 4.412317416629705225e-01
4.194872642478177927e-01 -2.127611702090831738e-02
5.401696423628468136e-01 7.761608107132766943e-02
4.485578947194241994e-01 -4.336513996372609592e-02
-3.683410417082487731e-01 -4.478030281016629477e-01
3.416565029592216751e-01 -9.327707865307552360e-02
-5.135292256871142325e-01 -2.875004265158626615e-01
2.584170456336483124e-01 5.241392579779813321e-01
-3.967188543111052068e-01 -3.458360600530825946e-01
-5.019460273231106662e-01 -2.576906423349577535e-01
3.814421487227755980e-01 6.938580380436321082e-02
-2.618853802247599893e-01 6.046555224524496897e-01
2.404478288554852961e-01 -1.181616925499617277e-01
-4.943393941714887552e-01 -3.620516671764690275e-01
-2.722987847628968727e-01 -4.369989749363948350e-01
-3.454311247541674845e-01 -4.666597118241980757e-01
-6.067472522639483223e-01 -5.026156427984318498e-01
6.386745368657154032e-01 -2.938005568555447991e-02
5.586072379875671734e-01 7.867202469472041326e-02
1.535087431918899237e-01 3.688510871651439205e-01
-4.737452784738220291e-01 -2.425965389697321006e-01
-3.718469710633603431e-01 -4.762737896336386445e-01
-4.041010683710367646e-01 -3.379706520061698805e-01
5.476626912431746819e-01 -1.717368681934883790e-01
-4.783056849506166497e-01 -2.178175013565324669e-01
-4.201607156446267588e-01 -2.365828311644251891e-01
-2.799925268826679581e-01 -4.082740472513164409e-01
-3.809357221796986215e-01 -3.219500160311107306e-01
1.119640909045317156e-01 6.329820404566011138e-01
5.712732360222586570e-01 1.073639687111332952e-01
9.804806553098850685e-02 4.009394061063898951e-01
-4.547633841171682678e-01 -3.455510646327047963e-01
-2.137198843833174322e-01 6.798440171886162009e-01
-4.139688200600830092e-01 -3.668528571743544520e-01
-4.659336444231029772e-01 -4.301002308548780295e-01
-2.554847032963579179e-01 -3.441078176355492069e-01
-4.467715743961709896e-01 -4.887253603695332904e-01
-4.703890034316408619e-01 -3.624062284245970211e-01
-4.368112031036550658e-01 -4.177825272485556352e-01
4.782136341659853906e-01 1.733849997123484421e-01
-6.190031597628677940e-01 3.036987300505434861e-01
6.378991915674383506e-01 8.842837281349473499e-02
-4.019037763581783107e-01 -4.429759844394790536e-01
5.074285497396513467e-01 -5.588306158571341303e-02
-3.529118589812288986e-01 4.381915764918645206e-01
-3.506170341395599688e-01 -4.773056442875331928e-01
-3.349030166926365015e-01 -3.235939678132305763e-01
-4.417929931446356040e-01 -4.112326434160784028e-01
-4.042818836550102213e-01 -1.035838184053191058e-01
6.331056842261777451e-01 7.378493080073265931e-02
4.497722198697972074e-01 -6.632499958839964405e-02
4.209232691575815477e-01 3.699136419917627844e-02
-4.044759778044552112e-01 -3.375683993381559111e-01
-8.852877903505096402e-02 3.459773868477534209e-01
5.767496421011137908e-01 1.649865612229665102e-01
5.170579338268764813e-01 -1.384959917890933936e-02
5.898260897237053157e-01 -4.799077624655240931e-02
6.492634553170790745e-01 3.375019906936215647e-02
-3.473546008680379882e-01 -4.343898254697680095e-01
-2.746527246913101905e-01 -4.069941407814492429e-02
5.231684942134272598e-01 -1.979184088573111844e-01
2.907819607808425633e-01 1.498996810082988407e-01
-2.959628867892780124e-01 -2.310148653098946514e-01
-4.622567455791735114e-01 -3.611811965992167694e-01
-4.052122254831105330e-01 -1.274620070053171794e-01
-4.240129348407753462e-01 -2.232078516353950548e-01
-1.984686786419981863e-01 8.691161297577290057e-01
-2.546748498224756796e-01 -6.097672882573312858e-01
3.910626933733580279e-01 4.839929902575559190e-02
-5.174611884989319677e-01 -4.158338719514865223e-01
5.963624450263945720e-01 -3.152747391606244842e-02
6.231008873365115885e-01 3.627827330873278217e-02
2.956074106388158484e-01 2.741682157023053179e-01
-4.483356724795090065e-01 -1.574207224506515568e-01
-5.664676206017565940e-01 7.602060744087195676e-01
4.426135675780650258e-01 -1.272209866523284494e-01
5.168882635271200288e-01 -1.976246355443056490e-02
-5.245807265660522578e-01 -3.036951327900766495e-01
3.185975829982269358e-01 1.299342506999531799e-01
-3.321239186457710102e-01 -4.303212778999069288e-01
2.945882251323571621e-01 4.831319232698103594e-01
5.820006700401691990e-01 -3.431167793738225391e-02
-4.201579990126201869e-01 -3.327700073133165737e-01
-4.654707345310806765e-01 -4.206510336184438037e-01
-2.805702686903194243e-01 5.284321806552816359e-01
-7.237168571341507928e-01 -4.732312552706111619e-01
-4.436688301674308610e-01 -3.786207392380046000e-01
4.947080427055920993e-01 7.802804884106723238e-02
-5.601484681930604115e-01 -4.022128345105196456e-01
-3.877633282731262065e-01 -2.040714814813561484e-01
-5.270345842595092201e-01 -2.208856608374848984e-01
3.413215919086998729e-01 4.050499232798560612e-01
-4.385756846086811267e-01 -2.554177404946432750e-01
5.311757827069472082e-01 -1.120939997736490334e-01
6.701169583834598598e-01 -1.781470629979773623e-01
2.292422287938122583e-01 3.194529926683425947e-02
1.062420863524295989e-01 2.380121022580925227e-01
5.851006197600102654e-01 -1.073989863218383772e-01
4.986673261461779250e-01 1.014606299105201004e-01
-5.353930807947935300e-01 -4.815909523517308832e-01
-5.003015808178239432e-01 -3.756802009206170467e-01
4.575600560037232922e-01 -1.769197745290349288e-01
7.757246257961634139e-01 9.430614363345274365e-02
-4.935228301024797148e-01 -4.937528006740863340e-01
6.589061643433575810e-01 -1.480654141368194787e-01
5.864427182035423236e-01 -7.292377718950669718e-02
-4.752419605735249686e-01 -3.460181311718188435e-01
-3.110751323511379285e-01 -4.827034923054378535e-01
-4.479199022190171187e-01 -2.290758589605385032e-02
-3.285363960242373427e-01 -3.651414604349958459e-01
4.972423767279727791e-01 -3.147645015296756527e-02
5.663747733266759621e-01 -9.179076385459161713e-02
-4.164581285141080169e-01 -3.685055544321576004e-01
-5.889226701406604647e-01 -5.560973580001159489e-01
-5.368816307889436867e-01 -5.456944059697176330e-01
3.946964355037991812e-01 -4.253424785550988935e-02
2.972476863375490552e-01 1.237468361165042774e-01
4.974147358323212642e-01 -5.667181800561679750e-02
6.121796826642730283e-01 -4.369234699268864652e-03
6.801461017222265593e-01 -1.359480522950506642e-01
-5.179875333442334195e-01 -2.962022132784799533e-01
-8.964717478862641031e-02 7.482602297119441692e-01
-5.161010236021011943e-01 -2.185557227871673114e-01
9.352752184392866541e-02 5.585484349132033843e-01
5.251514680713509353e-02 -2.499611963738896381e-01
-1.613286802490854766e-01 -2.065563473899922065e-01
-3.783158184874261254e-01 -3.564321221679441209e-01
5.634827171243201871e-01 7.703468841706373471e-02
5.390264775973191425e-01 8.012217230285262337e-02
1.132533731214253325e-01 1.829039191904056061e-01
-1.717879243311585258e-01 -4.900892177937727912e-01
-5.111348274715835638e-01 -4.332774365759607393e-01
6.138058293223564998e-01 -2.350672392383289580e-02
3.660026394840379949e-01 3.633756550486986342e-02
5.988893625134908971e-01 -4.532803455262675828e-03
3.650609351313542916e-01 -3.397281532094783424e-02
-2.545612846699907839e-01 -3.514033916220098974e-01
-5.053228440244736941e-01 -3.472891167866034023e-01
-4.647087859889820899e-02 6.394271675697984492e-01
5.882780230091477769e-01 6.921155744087047201e-02
-2.960053635916533588e-01 -3.557440463751134208e-01
5.392529385571781519e-01 1.686251643487850504e-01
4.129542147822842235e-01 2.848423907233423383e-02
-3.536897512287563439e-01 -1.995854478727376868e-01
-4.641217067966278420e-01 -3.854306168561837387e-01
-1.948020091070732096e-01 4.018062624386640191e-01
3.919817106494568049e-01 1.090300688416249164e-01
4.315742900317375286e-01 -1.110359372564857783e-01
-2.385307190282893453e-01 -2.731168679905222607e-01
3.909701018847122067e-01 4.581823569469511970e-02
2.355207747479654001e-01 3.352943297203148099e-02
7.473052839684585225e-02 3.998557762309407626e-01
4.250030077216980229e-01 2.772831709898988806e-02
-2.507362865244878725e-01 8.418167660281358766e-02
-4.372802651731955703e-01 -4.477088260618655169e-01
-4.507235058429902019e-01 -1.746421143041780033e-01
6.533005701837458767e-01 5.569540859472720679e-02
4.518759006805559975e-01 1.276932454570198563e-02
3.345431096181372688e-01 4.007248125646166170e-01
-3.387961656396116239e-01 -2.860940430876870999e-01
-4.394070605063102319e-01 -5.029818260198464230e-01
-4.409433758620310284e-01 -3.917460298874070879e-01
3.587844467066995113e-01 9.192498239594437681e-02
-2.378659767301323502e-01 -2.939422975154931672e-01
-3.879584024808174214e-01 -4.109980766477304703e-01
1.253979172734853986e-01 -7.976232553471473974e-02
-3.608332103312507089e-01 -2.780393492347120188e-01
-5.562063220341926240e-01 -3.282931376498476328e-01
-4.037432831804794175e-01 -4.381222708649818443e-01
-1.401604896973413818e-02 1.542641188647414507e-01
-1.518465382446625989e-01 4.362188193221543386e-01
-1.059884060626938851e-01 1.019597396260219613e+00
5.199876869962791748e-01 1.715511473442365986e-01
-4.473657366891560794e-01 -3.516278793362894173e-01
-3.052295798595173748e-01 -2.498729449728648855e-01
5.706489666641394454e-01 -6.147320458442544905e-02
5.726078849670666049e-01 -1.257504307721421001e-02
1.356673174885245081e-01 3.681216679926124780e-01
-4.140234086640788846e-01 -3.747546535369534748e-01
8.742301606039541706e-02 5.717702490834445372e-01
8.020436666656598212e-02 5.598916306332785142e-01
-3.807250370639562176e-01 -5.422683155631851104e-01
6.214839625406577417e-01 2.652345964828424583e-03
5.713755371241527325e-02 3.722777009522252323e-01
-3.768915237403258622e-01 -2.697837276532557560e-01
5.924404202208738424e-01 -8.460779412726188164e-03
-4.897641019911329607e-01 -4.727516435961255925e-01
-3.612363805923820559e-01 -4.654581405482901557e-01
4.909960619361562473e-01 -1.054976483713091356e-01
4.461085901886158167e-01 2.977029474263750974e-02
-4.153317886790476865e-01 -3.734289434029853805e-01
-4.133239493212781945e-01 -5.076706292715559288e-01
-1.813437926977586045e-01 5.863354851508884025e-01
-4.196708481141321889e-01 -4.327402109644815642e-01
-2.795501971977649713e-01 5.516134957991454257e-01
-4.571722775776516090e-01 -2.317084251300800257e-01
2.229639590756596068e-01 3.029241143251341639e-01
-5.316500522300335874e-01 -2.842828262224433855e-01
4.691069066366522766e-01 5.715522306345249132e-02
-3.649512182063660570e-01 -6.233973042167630929e-01
2.832903808082780639e-01 -1.755719521994468166e-02
5.610575706028120280e-01 1.388300824111830256e-01
-1.929294829885934981e-01 2.684286674274992124e-01
-2.962312040330757346e-01 -3.130082426821266250e-01
5.757206448052473169e-01 5.828923402888520899e-02
-3.973504245734579832e-01 -3.411486646071173467e-01
-5.136177458758740544e-01 -3.637049550784653418e-01
-3.113862508928600392e-01 -3.149850314817837504e-01
-6.272822061443533714e-01 -2.885596493628148629e-01
4.010838459150554147e-01 -1.014672500255714288e-01
-5.798889491315635247e-01 -4.438601372424095803e-01
-4.905051070607056030e-01 -3.235004493924585889e-01
-3.597361536352032263e-01 -2.858485651606399447e-01
-3.323906972040039931e-01 -4.910814442851035855e-02
-2.826013323854312809e-01 -2.206463565058890131e-01
5.465749676260062140e-01 -6.758745381020728193e-02
5.740382055298438591e-01 8.380361671123964795e-03
5.655648618935100735e-01 -1.505282176394593385e-01
-3.152917612965194794e-01 -3.541848001398660295e-01
-1.730539992209852440e-01 -2.606147038377524816e-01
-2.436314326612175618e-01 -4.502776680865056558e-01
3.540321799254565471e-01 -2.206059992673730773e-03
4.454013231326173217e-01 1.739142431232525987e-01
-3.218663824658967720e-01 -4.186639299674588255e-01
-3.651829909378942474e-01 -5.196362726529142329e-01
-8.851945489574378212e-02 7.973235362885895405e-01
-3.095155000439059889e-01 -1.879048363234008256e-01
-4.440282814465931760e-01 -2.615677252401633623e-01
3.285118658566859029e-01 -1.113129266239887144e-01
-3.644204785975082572e-01 -3.281495020692983822e-01
5.662731214396579116e-01 1.011139892938219542e-01
2.434153564949846360e-01 4.046381567931965906e-01
-2.873922369144475963e-01 -2.565278175010912709e-01
3.537580146461449804e-01 1.299930195634290547e-02
-2.530461171674115994e-01 1.548167886642062285e-01
-3.265557726880641831e-01 -3.064334754972725672e-01
-3.922654997736706450e-01 -3.560227703598924931e-01
5.160078830462818678e-01 -6.482140125817364984e-02
-4.722515691001220595e-01 -2.707189279418988903e-01
1.376179625847646082e-01 -2.523447738302094234e-01
4.481397720970829446e-01 1.594139212825693847e-02
-2.007660216218885851e-01 2.517487133746292294e-01
-5.619350543615957427e-01 -3.982221801932296357e-01
-3.130486061276643306e-01 -3.010596659070351455e-01
5.482089695655514294e-01 -1.900768173858962129e-01
-3.848283986788533229e-01 4.295634193533449663e-01
-4.581563702982560660e-01 -2.176654589484775248e-01
-4.223079418983453071e-01 -3.620494346873111002e-01
4.031821211094405721e-01 1.126647264672020338e-01
-4.271258173121112584e-02 3.641932444939769420e-01
-4.347714837362222084e-01 -3.148064947458117380e-01
-5.594500743952617317e-01 -2.120572415815301925e-01
-2.625222433939614075e-01 2.652845985465039913e-01
-4.063341851797558912e-01 -3.225584356453301549e-01
-4.183060028199093172e-01 -3.214342153606872809e-01
-3.809106667920048039e-01 -3.234065207290232613e-01
3.705841490987429321e-01 -2.140467455339310487e-01
3.955536181642140825e-01 -2.086059690756869589e-01
5.205039585838386884e-01 6.977088194365976825e-02
-4.386116962670393860e-01 -2.133466162841375635e-01
6.054355655949630322e-01 1.652248074736940575e-01
5.432827417362322553e-01 -6.239173424963034148e-03
5.470123644879941738e-01 1.380529672475458436e-01
5.784272877339700081e-01 -2.378398826133864760e-02
5.677129637953360897e-01 -1.194049237020385901e-01
-2.876205478870166310e-01 -3.709806936268373323e-01
5.455340585429792055e-01 -2.980815138556644137e-02
-3.121569146572773512e-01 -5.091972216229416759e-01
1.827446341840401611e-01 2.539850257942067313e-01
-3.127824734591634903e-01 -3.154465601680533360e-01
-3.427113350028960781e-01 -2.396160882835060013e-01
-4.207479256551963087e-01 3.976929254293535831e-01
4.269154459891123521e-01 1.394295410726624773e-01
4.970475961012101318e-01 -1.621114417491064524e-02
-3.845700076195850969e-01 -2.191841815729587417e-01
4.611944060197246675e-01 -4.792188236921263167e-02
-3.910055427453695831e-01 -4.481615125644178299e-01
-2.841623891981365224e-01 -3.773773704159549269e-01
-5.008752192259888769e-01 -4.301712263815500870e-01
-4.480388379989377334e-01 -4.231764768477741523e-01
-5.827718781191217889e-01 -5.213668696134734493e-01
-3.165959493441504735e-01 -1.921067848043234161e-01
5.056806687776828069e-01 8.228874027508428432e-03
5.288684673315373619e-01 -1.434216424013735058e-01
6.159167974628698694e-01 -5.349759337488951133e-02
5.780014291802779702e-01 -7.873817911099673106e-02
-1.847511510874636775e-01 6.998647763662753096e-01
-4.126303962254927460e-01 -3.359265693083641757e-01
-4.566803555880739607e-01 -3.089257972807056274e-01
4.373620153271554067e-01 1.864578624694495368e-01
-3.042413910940197086e-01 -5.829069560679018824e-01
-1.979626652874930393e-01 -2.498652231069523333e-01
3.650128077678977956e-01 1.131922168209657659e-01
5.375868925596943848e-01 1.873148822131141117e-02
-3.514594405309441338e-01 -2.929436541415292306e-01
-4.199964463912717605e-01 -2.446108461826103087e-01
-3.824048002221779319e-01 -4.056219742972215214e-01
-4.792622943546465120e-01 -4.474629177118033541e-01
4.180103261284842109e-01 1.404299390244662452e-03
-4.042202426692073636e-01 -3.397370793448149517e-01
-4.219390703007682708e-01 -3.454696661453528495e-01
5.723580807933591474e-01 1.604420974308513048e-01
-3.911343054365999938e-01 -4.298479338529545002e-01
3.711086974881859790e-01 -1.252622625733506578e-01
-4.073477792925147001e-01 -2.715020062902812614e-01
-4.136170145822327116e-01 -4.701632505843351129e-01
-3.158172363528641974e-02 2.204155484180517210e-01
5.803072023664719303e-01 9.862011677917913166e-02
-2.750976454753428779e-01 -4.104718150817320832e-01
-3.615729691026351444e-01 -2.763623391363131954e-01
-2.541463151508716045e-01 -3.982910602141665479e-01
-4.019268640354939914e-01 -3.005343290117952759e-01
-3.564630921158331578e-01 -2.867841615607048533e-01
-4.835668827685409843e-01 -3.514738671963740235e-01
4.599931300799791623e-01 7.002507874005765159e-03
-3.310733914880459317e-01 -3.271275249632981663e-01
-2.582783153334136106e-01 -3.806008657615949087e-01
4.725010415439889755e-01 1.346941557374906409e-02
-7.192623462256497735e-02 9.933279707987834328e-01
-4.913478730895238233e-01 -2.138298760399428566e-01
-4.185570864012693737e-01 -2.609854151742954098e-01
6.612373617356565036e-02 3.208758884402408973e-01
-4.410254373440254394e-01 7.039032691378601658e-01
-3.208705187015790106e-01 -3.284621353908153130e-01
5.404969029891790733e-01 -8.284373197805870725e-02
1.668164908175346905e-01 4.097067710870634372e-01
-1.039830835784154722e-01 4.776017031241293065e-01
4.983600607223115930e-01 2.229777061745829014e-01
6.271131844532755739e-01 -9.319075113400832056e-02
6.007237281847498389e-01 -7.611886566836267853e-02
5.835465691895131979e-01 -9.345314075500400774e-02
-4.102132352794465864e-01 -1.669279088941957312e-01
5.750212538557989417e-01 8.744251745631205844e-03
-3.542894864428390300e-01 -2.988641895939894155e-01
5.306934838375654273e-01 -4.762737549606633168e-03
-3.367338766023461605e-01 -4.580724438225503015e-01
4.807737966213390668e-01 7.611210828072162426e-02
-5.659658874801638540e-01 -4.583198240948653801e-01
4.989167820607581794e-01 6.732339269188657160e-02
-4.083041573310934869e-01 -5.121605234325588007e-01
-6.789466362232304819e-01 -5.287560596703071436e-01
8.152509253789783084e-02 5.569738128065458982e-01
4.680464676325190587e-01 -1.356618236443342951e-01
-3.969590429978987478e-01 -3.395402509351022058e-01
-2.473748333068200855e-01 -2.135022104275376420e-01
-4.537181854809454462e-01 -4.811083099549257613e-01
-3.619934761011170954e-01 -2.831003082249461400e-01
-4.618157157559091841e-01 -4.673133137213026367e-01
4.552043902405738529e-01 -1.143996879273928846e-01
-4.022248477164268587e-01 -3.802755149104135590e-01
-2.308877538726945289e-01 -2.219000943843002505e-01
2.589773955043102593e-01 2.410084578240120623e-01
