-1.7057646576834313 -0.6861094137410509 0
-0.5610876450949465 2.0005761786004372 0
1.5242648990727097 0.20021842114761065 0
1.6131784668351226 3.0485169462935553 0
1.3421191500966954 -1.325146664772009 0
2.018195447279354 1.086746940664154 0
0.6049938318185535 0.7559533491754349 0
0.2675076090725749 0.4920696525545525 0
-0.1030580595922724 0.23275459818012803 0
-0.0029360416349775895 0.540743086220834 0
0.16323343173817803 -1.0617850687912673 0
1.022989429887526 -0.7990155702594773 0
1.0773014245771582 -0.678914131172381 0
1.5674143151857352 0.38379194610471623 0
-0.3571587971553681 -0.583015139342657 0
-0.6038906727346822 -2.0930703634706305 0
-0.4482782268358425 0.784617865735982 0
-0.04219969470333251 1.4018184891037349 0
0.1750081942924231 0.35581844760360487 0
1.0779873679922627 0.027292318805928084 0
-1.1802201887579136 -0.33401652413319843 0
-0.5746800955714564 0.6557671584253858 0
-0.9467922675360575 0.8452464730134981 0
-0.5645998222883246 0.22681978429361843 0
-0.8441452995821335 0.6486273667239782 0
-0.48592155799917364 1.0522095487770704 0
0.847467954521056 -0.39621240906043187 0
-2.279693153128211 -1.4222582299712443 0
-0.4166935721977 0.31993677074041277 0
-0.8503770127858074 -0.08881442782907217 0
1.3717283266637004 -0.9555922222066732 0
0.6730946488476789 0.6827888903807364 0
0.3150587794223767 0.49357182677949213 0
0.03259006565225414 0.5555266331207541 0
1.1250934808352095 0.07193095143362152 0
-0.97371522379975 -0.45875736282955604 0
-0.6555029110905821 0.1783700879522655 0
1.2299702330548212 0.5165531733928549 0
0.4372621021614922 1.8800329411556895 0
-0.7541269227417889 -0.2567912628165254 0
0.09150097615638007 0.5825207047050549 0
0.19857460540309887 -1.0207145728886664 0
0.4681964649986198 -0.5183498301500704 0
0.20282261190886963 -0.1330007521735274 0
-1.2304310860053 -0.4729632975416569 0
0.112028374061794 -0.22574177700914685 0
0.03231155796068592 0.10292921182104542 0
-0.053581659405965765 -0.3268159924819721 0
-2.0110098734125113 0.04523015456080763 0
1.2697942478663713 -1.456003684141361 0
0.7191812919445386 -1.6585998878355397 0
-1.4411878402379499 -0.18913453559176302 0
0.2171602708102344 -0.1714786446522105 0
1.7562385733027202 0.43680437151876345 0
-0.18307001761085703 1.3078298017233487 0
0.7867068657341784 0.08588287156107345 0
0.10022360215989994 0.2736446124284052 0
1.0497237659836254 1.018535256252774 0
1.483226000509136 1.1058013561183735 0
0.05362457955368206 -0.5741883629754637 0
0.45665925449791644 -0.32641889431387894 0
-0.3362315177809336 -0.43864670125255534 0
-1.153959808867733 -0.19326963584291684 0
-0.6859092787113141 -1.5414459647517322 0
0.7287727453843753 -0.02807404830977736 0
2.7119753324640006 2.315249176675045 0
0.2328462613904574 -0.9787520991418446 0
-0.04624566671266142 1.1126333300366409 0
1.5090089670184792 -0.8415165370529388 0
-2.0262644383253336 1.60548759850114 0
0.28887791720291955 0.3950163348072836 0
-0.547189208149022 1.3734784441113483 0
-0.6598968104417763 -0.6817964818789841 0
1.312823481888356 1.1018046722093497 0
0.6916040790152126 -0.5388267061375591 0
0.17055724871671102 0.22541884712134025 0
1.0078489475450714 1.3163128561858053 0
0.1017525226178297 0.6622203432115648 0
-0.11377111200218952 0.6927376843451024 0
-0.7508740098542465 0.320935040200012 0
0.46706288825982806 -0.04189599817438895 0
1.6118125881725804 -0.5076377325164485 0
-0.5440054242066065 0.5395959356425365 0
0.5725166934781919 1.8436725922235833 0
1.7254916358286645 -0.651056862696839 0
2.093678382841807 1.024736427119048 0
-0.34578649659119576 -0.43096076513840575 0
0.402512747111837 0.130954151546152 0
-1.2044714968460604 0.2809784841206792 0
-0.1862930581492417 -0.1725362996589859 0
-0.5002418801607605 -0.027527976393167158 0
-0.25629640565931466 -1.6910655060012143 0
-0.4061309783196033 -0.5534571154758863 0
0.7321276643715713 -0.23213978591173595 0
0.39525535727872724 -1.2529984439862074 0
-1.2841219574954919 -0.33565281826841475 0
1.7791288389305624 0.8675807091987714 0
-0.7580401960793534 -1.7286650038367812 0
-0.6722001564397404 -1.1345853940866173 0
1.1450699583472788 0.7221959000232951 0
1.4760856530596038 -1.2246772113802231 0
-0.6698153386091218 -0.28530334682992653 0
-1.4282339688624088 -1.4783762067785504 0
-0.9242065172124191 -1.3790857411998818 0
0.6385971429851364 0.06366841827187837 0
0.5701218259120477 0.458664049107153 0
-0.26276534831489223 -0.9607986448429137 0
0.45072966056344366 -1.5464790861146567 0
0.23051588558829822 -1.2796701011733018 0
0.9301398337721832 0.7139851159771484 0
-0.9325342811304875 1.047040559847769 0
0.0447884594302694 1.0922250533547593 0
-0.8276937784056635 -1.3872335529718531 0
-1.5430265888918775 -1.2915586357470645 0
0.7692057640101608 0.5497650386458529 0
-0.5560856971164828 -0.3679396441818119 0
-0.9467120856920122 0.05784767940522555 0
1.2435978313381526 -0.1282601806612648 0
0.12121843264605536 -0.06020308707350708 0
-1.3947686134513595 0.979524090537443 0
2.211528515507099 0.11215487583066702 0
-0.10083413948036907 -1.10906086709061 0
-0.7859220055407289 1.3644930185670028 0
-0.5917197363926872 -1.1493247955281412 0
0.10638383240794694 -1.4628750290722485 0
-0.44766267002237053 0.7642004582557794 0
0.21422168084784232 0.779983033123755 0
-0.574437020379675 -0.3882006071458492 0
-0.1343203038086999 -1.0125349424975192 0
0.30280087403156936 -0.7974462118595727 0
0.956018605034835 -1.1533036047617748 0
-1.9468130244216661 0.11356947152588819 0
-0.2689151836575114 -0.4502644827315303 0
0.930096893320052 -1.2621325214667152 0
0.4477287879260418 -0.25648079144097885 0
-0.7549075544751309 0.9873317536169927 0
0.513354977688876 0.6736540030348047 0
-0.7670096210618134 -0.2893566279696879 0
-0.6494346450795506 0.6057706384505781 0
-1.0767336259194056 0.8061947171914422 0
-0.1605552586064775 -1.6281076241865424 0
-0.6524382088507759 1.1849924689567917 0
0.3514901635058724 1.0211512225256874 0
0.5933688741242941 -1.3064161432696857 0
-0.20747869563256374 0.7605745327986904 0
-0.6931672397215735 -0.31921437827108046 0
-0.05358588653904442 -0.3417949351158782 0
0.29488855005039943 -1.7288771175021802 0
1.0308459955354987 -0.49150803174098534 0
0.42408748895974463 -0.41528280453167765 0
-6.1351547522005365 -3.8845698333331815 1
-5.441108494913942 -4.151033166137528 1
-2.64232980875345 -4.905872983963288 1
-4.468733262061295 -5.123900888077845 1
-5.190914800627538 -0.16882027684765166 1
-4.241059770738573 -4.374518981435382 1
-2.942080918340589 -3.7915350403077985 1
-5.671636008172328 -3.9457866248634152 1
-4.259641225022131 -3.755094104389037 1
-2.338724214686427 -3.861831073159513 1
-4.32810390959411 -3.769546350830214 1
-4.6469617443803655 -3.773937720822442 1
-3.653654629144339 -3.3114804200610197 1
-4.305022414943908 -3.493926883110289 1
-4.517419470038583 -4.336755786483093 1
-2.507396198615062 -2.8326057346797437 1
-1.7224721049686273 -3.2194059449207777 1
-4.52672949284542 -4.550883884988548 1
-3.0500481344880566 -3.598209643503675 1
-3.170844775056643 -3.569472789034481 1
-3.9391406786882843 -1.983362627155865 1
-4.268856361925073 -5.465363799714934 1
-5.201408136965265 -3.851880800454226 1
-4.402243075271691 -5.574895604068664 1
-4.346246138549598 -4.468128820231095 1
-7.169407618778051 -4.6750251605250925 1
-2.360774910568586 -4.231191114928075 1
-2.616712295914975 -5.91420374663935 1
-4.955474511016585 -4.8048182858594695 1
-5.248502555998791 -5.815997444361306 1
-3.1524282554256935 -4.126148804489496 1
-3.4580310619076857 -2.998609848956748 1
-5.278224127807849 -5.737267125184378 1
-5.421982218019632 -4.038293745279318 1
-2.5013467921623818 -4.747806063130576 1
-2.4858474623961464 -3.0182744202018323 1
-4.921539877594741 -3.5232113151548083 1
-3.9072222604433695 -4.073460330565296 1
-2.622001692888718 -4.30055088683323 1
-1.6437721670468934 -1.9773368660979096 1
-4.238035002296146 -3.9434099387536086 1
-4.026457622837764 -3.6543052437463137 1
-5.711535547072038 -4.703010645069211 1
-3.370656783595755 -1.8347219212907877 1
-5.990617324984305 -4.772001166459206 1
-3.5734488808060156 -4.002233607637522 1
-5.770766188351769 -5.514466602607872 1
-3.690596277840972 -3.332609978498279 1
-4.1109212031138975 -2.4576317336215574 1
-3.5478419362853337 -4.790540342265478 1
-1.8237313516870826 -3.187788073756427 1
-1.7291488135002022 -4.490458210889818 1
-3.0942257941572295 -2.8322327584071108 1
-2.175096018764853 -2.8869866461537015 1
-6.00655046749649 -3.5303763374737223 1
-2.0409554552957445 -5.125417010216528 1
-3.992052156730283 -5.908283228879701 1
-3.8159834375646504 -6.074093113171223 1
-5.518078937430984 -2.385305808380687 1
-5.62571318990755 -4.60372721976148 1
-2.1907420129335318 -5.549012047352843 1
-3.9340556489303453 -5.581774087382848 1
-4.516889634697562 -0.35684478137879383 1
-2.9910727993631063 -3.3373509375638237 1
-4.038517030967803 -3.078054089024448 1
-3.3677983295379743 -3.68541523049022 1
-1.713061576857685 -5.907949124901977 1
-4.10942706982758 -3.362489873853331 1
-2.5721845460599866 -5.8504343559164855 1
-4.686078716589762 -5.247470977122825 1
-3.983578973675192 -2.618726504601389 1
-5.633256241892197 -2.4450600360071473 1
-5.048428944435008 -3.7546447546016797 1
-3.0952829999423126 -1.6767209662122786 1
-4.74633323984124 -1.6528883779327121 1
-5.246597611785522 -4.698994973950073 1
-3.5240055381616218 -2.9303168156005555 1
-3.7938629339896153 -0.574351676869155 1
-5.270510745159385 -2.3467958463285266 1
-4.236231983535826 -3.461499910178181 1
-1.2677792542050486 -4.40659404639336 1
-2.894741407465654 -4.130341483732184 1
-4.095885565889171 -2.4919375470183507 1
-3.7905318932700465 -4.755681657899153 1
-4.694963423503892 -5.834598631585365 1
-5.337628132823664 -3.385479681709957 1
-4.942079801325159 -3.351161156395797 1
-4.093421562907878 -2.9596038005590444 1
-3.258324304547825 -1.8576976736062245 1
-1.4775641335976588 -6.4455384174582 1
-5.099815229674911 -4.016121461808267 1
-4.07255876362598 -5.1100555134250305 1
-6.226014715433939 -4.3003501290103685 1
-4.8710176105747465 -4.051199315280678 1
-4.575241980848603 -6.018884855059908 1
-6.047203079819495 -2.082863221648312 1
-4.6937487349391045 -4.674075331631089 1
-4.2310943552225595 -4.177189683888332 1
-4.284368899058356 -2.660675856361654 1
-3.3897439773333806 -5.366025760423318 1
-4.613039485072704 -4.41217187480683 1
-3.0581562014627037 -4.253847484297905 1
-4.560774009913794 -4.276685813778161 1
-6.473749567458303 -5.8575814250659 1
-2.7599898963922707 -4.3995075182633965 1
-1.9340437508473727 -4.887511663075117 1
-5.045261607165052 -1.920929793167422 1
-4.412548583733448 -5.274779535024382 1
-3.451429599976005 -3.7613459399073115 1
-4.035059666685065 -4.658402609186305 1
-4.389369118025359 -5.678481178940633 1
-5.422165101943933 -2.4194281188132463 1
-2.443513342496428 -5.015988540625296 1
-4.284568260134252 -3.700608294687423 1
-3.4981616783113774 -3.544188156213501 1
-2.6616097762780164 -5.292721070584625 1
-3.9161425661104325 -5.176019854310243 1
-2.521004603941215 -5.856825536055396 1
-5.193951357279369 -6.38413436456087 1
-3.0175648474791474 -0.523371599444443 1
-2.7654675080453934 -2.9209431445167686 1
-5.902030978915569 -2.735901081957261 1
-5.261922151300247 -4.419039941156674 1
-5.149500984225644 -4.872816749582206 1
-3.716664516451369 -4.321180492109417 1
-3.606034084271625 -1.4652883888670405 1
-3.2779724295906183 -3.9877402684902616 1
-4.406941943130166 -2.0162261624657507 1
-3.1864709039871624 -4.111088530949719 1
-4.237827109293437 -4.2097792106397325 1
-2.949284095379178 -3.350871074996078 1
-3.897932883812956 -5.1206147912085695 1
-5.098856883965499 -7.297629296529035 1
-5.014773862420124 -3.0269852977362905 1
-2.209481367296113 -6.205469896215908 1
-4.5763372527778206 -1.113153819685761 1
-4.481425519353836 -2.8261439790734038 1
-5.253639967669022 -3.1816572454849865 1
-2.110525721717348 -4.973437956543687 1
-3.325829091304014 -3.056560728306362 1
-2.494233433630553 -3.3320422092901474 1
-3.1290401332893154 -5.063899380655522 1
-2.0464868207758826 -4.19332521735754 1
-4.2977692964304195 -2.2530615349548233 1
-5.351172047682847 -3.5705202403759406 1
-3.810542932002679 -2.6600489603112463 1
-4.164685600227662 -5.608717146737854 1
-2.0260939892812315 -4.5592223739846816 1
-3.946166013769891 -5.067145080451983 1
-4.0370978803586075 -4.066450606538956 1
5.285247366554905 5.3229316283809105 2
3.0454152393270997 5.196794467378357 2
2.5199216949447356 4.691059842201356 2
1.9127926378073519 5.261133686209215 2
2.5519450193025492 3.1109056874767096 2
2.682011470054775 6.550162940129278 2
3.1044024471577902 6.021295783924707 2
2.692664561245526 5.265528046110946 2
3.9968768633216443 5.072587095887902 2
1.070208868074926 3.59138464216445 2
2.6102487485872516 6.540141339112083 2
3.2460877009685936 6.760520822372042 2
4.911991846700483 7.5369492110264105 2
1.9293425975144554 3.619217354867774 2
2.4416035623477073 3.529555799667722 2
3.305164251227536 4.433838860390319 2
4.919987881749176 7.369792238482627 2
2.4935313431477644 7.47312452411889 2
0.5323534397806902 3.522320595506377 2
4.297600927856164 6.87947331330353 2
3.724284382276594 3.534379685776693 2
3.3682246288259807 6.241398021979185 2
1.8796784492138008 3.7146769780906546 2
1.8847575163811146 4.789283399770848 2
3.690389931661586 7.71038775651539 2
-0.11109547862830071 4.375510701550005 2
3.134109439281598 4.841752278265085 2
0.9277787044990369 3.1962904249872217 2
0.9279947894402953 4.407149201774364 2
1.0994622554868245 3.8338243622450774 2
2.3463305667718886 6.90705021875771 2
3.090344414117602 5.01585596089029 2
2.578980632436685 6.426173137757475 2
3.225670911260912 4.897061577964558 2
5.8700374861960265 7.736288039359558 2
2.8700926630211945 3.598067389972411 2
3.2005688141881516 3.7641778373948114 2
4.353072476078035 6.761379757714285 2
5.141886760485632 5.516182892006702 2
0.6953490118626364 3.3640301436427515 2
2.3183729106193107 6.6186563643380385 2
3.4326936469831835 4.284644199309641 2
5.207627182282202 6.687897847625891 2
0.7882394558121719 3.1063615952882406 2
3.9244227345593092 7.228696108091793 2
0.5023942707982805 4.312272897029366 2
3.348414044932166 5.491452402062827 2
3.8165896127256618 3.8171946022891916 2
1.855658013251576 0.43976215739408797 2
3.0862662323018095 5.810269049733923 2
2.2687926593921213 3.0053245557980404 2
2.083975467896715 2.928091475576776 2
0.9886987977712125 4.859057167491696 2
1.6653799306375938 2.742487063653581 2
1.8482323683254385 4.036513181986641 2
2.9861675689007474 5.171496711941401 2
3.934428713892599 6.839223919032592 2
4.357347956793686 6.090022362460989 2
2.4079273692181107 6.923663824050455 2
3.477107152076566 6.6861855036604725 2
6.321069030371091 6.027513549521654 2
2.4046658623570654 7.220148837286269 2
2.675275542326132 5.489850769559993 2
-0.7651621129994486 3.2853746700432147 2
1.58456108519737 5.022853189483456 2
-0.2938140034665251 4.083916357899925 2
4.073372142251144 3.941329340100377 2
2.6008816443264644 4.080837753143599 2
3.7594671850910024 5.342230878530717 2
2.6640870908876724 3.9213972101852494 2
2.290580466774202 3.4053132059490996 2
6.0613085702827485 7.5506120588801355 2
4.745157457020634 4.9681642300785205 2
1.2709267123048689 3.5678593482972074 2
1.662910936146368 5.1688374489130915 2
4.745860760146371 5.010190004462386 2
4.375519619038371 7.524032177850581 2
2.61756123792906 4.4655829542331755 2
3.134296177581014 4.1480250959940355 2
5.404235930723614 6.528667256609845 2
3.6200470668730915 4.985736839152291 2
1.0676063609448454 3.6912653481451527 2
2.589444914850584 3.120076488906794 2
3.286516737860446 3.539776380446577 2
2.687408137478864 7.450486378906294 2
4.855460055163031 7.039479969520885 2
2.473256769730594 7.262329401225045 2
3.4819139921593028 6.214707049623277 2
2.6436225353819496 5.726790327140691 2
3.45993603721656 3.8860302109610445 2
1.5067381498854804 5.053980505493911 2
1.0067223589597545 5.511078847710856 2
2.3598391548931534 2.391907308671032 2
3.5678048230592854 5.3272593757492235 2
2.24533285619363 6.911988855987328 2
3.5790177966303274 5.2605296343325385 2
4.633187518380243 3.3429456169461913 2
3.9783169121764064 5.819282345708501 2
2.752141572601747 5.199663850797966 2
2.2701807476180034 3.205754467189001 2
4.646354811862017 8.059725136330648 2
2.2259050442874537 4.8581898095444975 2
3.4201812619125596 4.243684420794122 2
3.7358754671922534 5.3134158618298 2
4.6966888076097835 7.169334538120404 2
2.965093105803134 7.186171967813609 2
3.2932489772589704 5.1657381209404605 2
3.925722214442067 6.704808689450322 2
2.761915502324337 5.881633463020918 2
5.086587699417703 7.590105329198657 2
1.2797034635051245 5.130927956020836 2
3.9631564703165116 4.676445304726974 2
6.157220671348662 6.278842105575602 2
3.23072281369334 4.656282156046444 2
2.900778449120606 3.2890276452446114 2
2.9565781510153815 6.4419771291703105 2
2.1250790937238215 3.86150330643508 2
5.600018900941225 7.201118964755603 2
4.194695388316074 6.951798433805196 2
2.6676688871418475 4.751715486414492 2
2.865920300230131 5.503359679457836 2
4.367026598241694 5.586788812869519 2
0.9696819784924458 4.82561399074358 2
1.9444502496520402 3.7818372017038673 2
1.0985194341078819 5.258684118671124 2
5.475783265442853 8.124004427383927 2
3.9234287204257567 5.547000972400512 2
0.26204700152383564 3.0003967512275445 2
1.8385282289165168 4.62308177502491 2
1.8680526643283981 2.560916676953564 2
2.9285192971072744 4.001280356782573 2
2.9117445601794256 6.924944531499792 2
5.173271880696902 3.922383440607032 2
2.8263974662540945 4.994830616371049 2
2.4341666786555747 7.9537287602741165 2
5.710079832463892 6.189092765062968 2
3.9729088900147858 5.99570829130269 2
3.97820507398854 5.9196754887587275 2
2.5102701594181416 6.802242834666705 2
1.2024499668181954 1.827115817748255 2
1.887565503993171 4.013201525509467 2
4.3122885711655465 3.4093167129437374 2
1.5220137504133295 5.002142455405794 2
3.934007428782588 5.873270468888377 2
1.5395795861876698 1.0823578796750635 2
2.0224308997487115 1.9215840383274854 2
0.39257733483699075 3.8325908526697194 2
4.608253169277727 3.7094714916393436 2
1.7715856699681796 4.518353346140366 2
1.5354489071167703 5.7438353045139445 2
4.705244109506337 3.8231866550615368 2
3.2552044596842387 6.309737039158945 2
1.5517518129037255 3.2193426100507265 2
4.7085504976403385 5.952762359405668 2
4.321036095499671 4.778777982967049 2
3.396751893469965 7.139855009183087 2
3.921137854989377 4.355184524858788 2
6.416803636885225 7.064996068831727 2
2.8315178195782282 4.673651012537329 2
3.3004177446555256 5.619756509552705 2
4.38179263379815 6.544462149504112 2
2.7702613749355587 5.423429139059382 2
0.6305888834500073 3.104854743351222 2
2.6839723089834875 5.174257042550715 2
2.4527555497057225 3.9129997061313286 2
4.203351645951221 4.843460769175495 2
3.005150440364426 4.909146207016536 2
4.677377769379681 6.053199227341186 2
5.006802853533339 4.637220270544981 2
3.9642297500468704 4.582500544069296 2
2.187524849486912 6.504844566691105 2
4.349657607125335 6.583855037950117 2
4.53844664933576 5.930534264462812 2
0.6985697927511723 2.210837319681496 2
-1.0759096424588606 2.654328654667021 2
2.8257935544405233 5.756008823618005 2
3.458938987838382 5.8797636955737875 2
2.4895619638504733 4.574614069588742 2
3.6123578044671394 7.158880596053772 2
5.347985026780949 6.022550274522569 2
3.81599959486856 4.690913060992594 2
1.8374615414718367 6.093479910789514 2
4.297694074518163 5.086972477472399 2
1.6671974388351303 3.9545604387452418 2
2.903935833593006 3.7442817369449717 2
2.0069066181205826 5.196175971402351 2
2.930997335816211 3.716902879290318 2
4.48072713446698 6.803698375015175 2
4.938477134495999 5.126344416232609 2
4.659719774919331 4.763778900485793 2
5.050870127069688 6.163876351683302 2
2.7527260411903285 6.001999281605204 2
4.722637792078995 6.777686541234396 2
3.960930337220092 5.396589584462009 2
2.799070437394511 4.924014977789245 2
3.6382211781697276 6.99833551010072 2
1.9481214154248894 4.45194298354554 2
6.266077830582217 9.409872509865888 2
2.8022675651658155 6.014709022594215 2
2.3318968525563846 3.2190231667020015 2
