-3.3447156207644486 -4.340788280691417 1
3.943924985493557 3.503519685879701 2
4.288791764016111 3.021925502471718 2
-3.6944841618001045 -1.7805657998369497 1
4.728059736576251 3.7498983580121794 2
2.871995325369427 3.212512824011797 2
0.6976990145553714 -1.0242582729998513 0
-3.534991563395622 -5.094485074534282 1
0.954805370554569 2.250961745855722 0
-0.30093860276100587 1.1140125270828463 0
4.504923282123961 4.4036369975791345 2
4.871450566299087 2.734758984398489 2
0.21787950006665818 0.2916634025373248 0
-0.08529641252874773 1.1256825706739089 0
-0.19653597444762336 1.3414984364685034 0
0.13187383269329628 -1.8315959047966863 0
-0.14606256858087935 0.7707108998137351 0
0.6857509582859681 -0.17323725717267527 0
5.451151459293707 0.8995159303204736 2
-1.3905389430158746 1.209307907628501 0
-4.030830136743686 -3.356125122923066 1
4.095774892773135 3.636429731576893 2
0.09157477497828281 0.7517323573797147 0
0.01848830503489302 -1.596616560273785 0
-1.4451750565967216 0.2472249953885146 0
-4.685079994848228 -2.591954116705447 1
1.6577658118829286 1.2266181908685616 0
2.67967385640277 2.931979425763836 2
0.7953124606588556 0.48707439805481245 0
2.463134272666456 4.090588607145312 2
4.979161997161689 3.8528536713832304 2
4.594473981840736 4.714780355579507 2
-3.8196952127983375 -4.611395217850051 1
0.6128917650508633 0.2963677323762158 0
-2.3684821600982273 -3.178485322170642 1
-0.3076057417799045 0.5110104453233744 0
-0.08980300083265408 1.4303365575365148 0
-0.6657891487170848 0.6556254522442638 0
-5.045759347755215 -2.9919492396203116 1
-3.790603976519615 -5.869524795074729 1
0.5298832277907398 -0.09678027166741256 0
-6.163731268484627 -3.7223091554670216 1
-0.4219945676411472 0.41255181952190767 0
-1.432830370470014 -1.2165520404183192 0
-0.9876458196814627 0.9238422313209192 0
-3.6193031850359576 -4.591811742431573 1
-4.646324802938058 -5.154583689234989 1
4.259637805237901 3.3975300099805783 2
2.2718031250926756 4.94674093287259 2
-2.409315661876536 -0.9239620035585026 0
-4.876082440640473 -4.0664740131591905 1
1.9570364857162437 -1.2642170279818994 0
2.412387719691932 -0.5951154074460956 0
4.752917916345777 5.150790849407798 2
3.725949980839658 2.116061405973195 2
0.8318981581571563 1.4113593113794132 0
-4.724678723753161 -3.6803711766730225 1
3.6472426778203424 3.4637343794318034 2
-2.4437432868176767 -4.813414949310505 1
0.9867465371051681 1.4315667095150348 0
-6.122719252991738 -5.088113096195121 1
-3.301660272301633 -3.936945920782943 1
2.4871807458885975 5.81842812116759 2
-0.8162910536834442 -0.45002512318472965 0
1.2825788474014936 0.996961218154304 0
-0.3596297010856058 -1.6736411904886108 0
-2.6566944273756863 -3.6811328770526197 1
-1.8528596775273432 1.0142373368782545 0
-4.683333662547862 -4.972791864131615 1
-4.533067208370234 -5.383935415523526 1
-0.268477865679536 0.507472846843892 0
-3.8469373603747767 -3.4056101219570927 1
-4.041590865267253 -3.4354933879389145 1
-1.5007266513399795 0.7658843617364116 0
-2.8467461508343157 -0.9337619057606725 0
3.4275128342036454 2.430057098338282 2
-4.043216028270055 -2.86538183867145 1
0.6579804734851591 1.2789201078940144 0
3.8899156489689233 2.3173271791941032 2
-3.4708923342887683 -4.25897077024182 1
-4.603194976024938 -2.2910079302142465 1
-4.453147774906681 -3.7680437147985004 1
4.091725354131769 4.054842555741351 2
-0.3986372812732754 0.7199281814181735 0
-3.4637655983535227 -4.91719699084691 1
3.9525757458213326 5.06209210815887 2
3.837344738338286 2.8897718412245155 2
2.99034566950574 2.809810646644327 2
0.16687130716833198 -0.5014606697158642 0
0.22286980292956185 0.00788167916198315 0
-4.112770633503402 -2.1631669731508456 1
0.19222167172437518 -2.055388378369595 0
-3.464224254054355 -4.614803418750544 1
2.85324115480482 5.550533767443076 2
-4.851754481366441 -4.494197794508325 1
4.036759959764506 3.2288937861099614 2
-0.29185058417680076 -0.548214673622093 0
-0.336481241871796 0.18631184212966317 0
6.203209458543007 3.6435208230829756 2
-0.3390218553513657 0.5556266515404832 0
5.389043800234317 3.822094717319513 2
1.4476625440767634 0.6564886961753525 0
5.6602665833969015 5.013638601946564 2
5.4050214240659065 3.36004068332146 2
0.24831912934665304 0.4826354519702363 0
3.8953238446446665 3.471472298966852 2
0.05170461004703328 -0.3453345632504444 0
-4.398342609567245 -4.198052824639113 1
-4.999596262258882 -4.442191063406195 1
4.453772291916239 3.611170186668825 2
-3.1526032277316927 -2.475215298200151 1
3.7446304165317112 3.2820366069655127 2
-1.6616602787862624 0.10577175905423836 0
-4.1941079510194825 -4.757947130897361 1
-4.318747997604478 -3.7121565466293367 1
-0.8096177677126495 1.0608509977849383 0
5.732340701458169 3.9322111290851876 2
-5.285116084737968 -3.5490887614024507 1
-5.218183165983113 -4.1225864673803105 1
-0.04516672753709526 -0.4478371824769786 0
-3.7142334595801656 -4.242746506743744 1
-4.509968456549633 -5.555509777559153 1
3.7305432658254807 3.496145660000997 2
3.669188328814657 3.393459931851704 2
2.8947387425483417 3.708490419683297 2
1.2250009664382078 -0.9793047745837143 0
3.824456643158052 4.580821840724004 2
-0.03648909360615517 -0.7474152022753784 0
3.312378243732511 3.729047683008223 2
-3.215993405267016 -4.0946914188127055 1
-3.8936446825719533 -4.47223474755637 1
0.15418593302193567 -0.42590304326991574 0
1.5387216409698499 0.18646877073862245 0
-2.022784064286192 0.0382647281076566 0
-4.386759250225033 -1.9972474168943002 1
-4.388629044656884 -6.098478521295312 1
0.6812121646170053 0.5151741917869206 0
-4.806841792094128 -3.1177402395323193 1
-2.859494072662219 -4.1563298189808355 1
-0.184272499378079 -0.9051750532113686 0
0.24420335468359453 -0.942857150296258 0
0.7395375452998212 0.3920041280181087 0
-3.05058161892627 -4.158162379960468 1
4.046008862753657 3.659856107960552 2
3.1119003444367594 3.185365232875137 2
5.060369981285665 3.670713159905389 2
-1.9563591738420896 -4.271364477771494 1
0.020929500224792116 -0.47366653008019993 0
-2.4506954520432664 -4.216662741855922 1
-3.2004561009316004 -3.968750771699908 1
-0.09032765505178325 -0.1091141526650733 0
4.7093304706819294 3.658885115089876 2
1.621893331553649 -1.944525570224981 0
-3.864160755182877 -4.398181812936683 1
-0.6293371643691364 -0.19393862626925554 0
1.7614704428742074 -0.90524593381874 0
-0.38636279581087096 1.2247585157871748 0
-4.336426354258642 -3.792850499771479 1
-5.493731001356102 -3.918443906634691 1
2.884937649286531 4.687015380617338 2
2.0600787361525192 0.27855289091879554 0
2.088285716350299 -0.9150275485818129 0
-3.4018333177644893 -4.165616992587689 1
0.7151274100888143 0.16158512635112676 0
-0.22117779566419923 -0.6474310066350464 0
-2.704460013499089 -3.7540916501285757 1
-0.5631896032812245 -0.5257677385494854 0
6.559679158302545 4.607970150081936 2
0.8070313647678019 -0.010265148757680543 0
-5.523955492119339 -3.18469285491612 1
0.5417200767420093 -0.5469554643426309 0
4.693131321901983 4.41199022204742 2
-0.027033083883900848 0.15982241022704335 0
7.432574586939619 4.005906275836317 2
3.943395005272542 2.310014772541506 2
3.7605395961875736 5.296476190227494 2
3.3898283589824807 5.535152175496819 2
5.324425127089 2.2787922246166223 2
4.302285438783426 3.71242122493875 2
1.5900371168259797 0.6141185555700454 0
2.4943048066516442 3.5982957822109913 2
-2.6960511146411803 -4.121409151690192 1
-3.3352485356261625 -3.752852589448927 1
0.7447177257423714 -1.2123828781404087 0
3.011018791266097 3.6437748829412286 2
0.5536386689528168 0.33892394438052426 0
0.8168392409284884 0.4117305371855305 0
-5.154359875368287 -3.537781680364291 1
4.087798276096914 4.040686933492712 2
-2.3166850150663114 -3.910531660813179 1
-0.8242960329866168 -1.217942620872196 0
-1.1402422567030623 0.8728095833538639 0
-0.3214843310783294 0.43009627178426624 0
-1.410763586003823 0.25103632218264194 0
-3.009568379514073 -2.4991417732056975 1
1.1516726720211738 0.8953406326785037 0
1.5849114994413571 0.15748837361558277 0
3.6002911899184697 4.446447487743595 2
4.452559240836758 4.42407334373052 2
-0.34903622252193556 1.8026732249799826 0
-4.538040773181131 -1.5790127968776941 1
3.7322505916959456 4.78909979410349 2
-0.5695547936837697 -0.3978838445495647 0
-3.6121463395063813 -3.4651398116164907 1
-5.269153498352969 -3.0487859360219893 1
4.2400130469511055 4.7236836420966855 2
4.271289449304073 4.2130061277539985 2
0.12514927667600134 0.13415471624588185 0
5.2649885179022675 1.4768008521144353 2
3.152804729606001 3.0766444648396583 2
-0.1610704078820654 1.0048326953515259 0
4.204041052133791 2.1650738098050164 2
2.7473263351405697 2.1335909223630565 2
0.22396600314396256 -1.0878568792317416 0
5.488660633685697 5.409950266003587 2
1.960608124972104 3.898751331254124 2
-1.5110909697940174 -1.1096814845509462 1
-1.1675504668997327 -0.14245465507109403 0
3.646651343057515 3.3019413685470504 2
-1.4280932005080196 -0.35150371347164083 0
-0.8171903377846463 -0.2430709056837178 0
-2.8173835145077684 -4.931889316580521 1
-0.5066034496047188 -0.4559958294157159 0
-3.3479408488347424 -4.881666058601182 1
-0.6764353826081149 0.83333155959701 0
-5.078457021828955 -3.3207220964386392 1
-0.5173140340526445 -0.6360093296297914 0
5.827824373745873 3.679920834869498 2
-3.8394737342807996 -3.048269005312605 1
4.046983227068501 5.908961327868531 2
2.648997309459827 3.313156143434779 2
-2.8769151075930948 -4.878751670703598 1
4.076087674608001 2.3411351843620354 2
5.408686171448947 3.644394913857758 2
-0.00792051486870244 1.5055045266352605 0
-4.263117703599742 -5.105267895930926 1
0.40830266748492283 0.551621583514815 0
3.7314543564645763 4.011834235585124 2
-4.5945950202437364 -3.2557938072837604 1
0.47485345347938585 0.029515662569165727 0
-3.0179579783883215 -5.446912552189162 1
2.997608468109827 3.8013626660522446 2
-4.760825653876822 -2.9697345950521803 1
-0.5563010426628491 -1.3551526659231712 0
-2.3525637706546196 0.5395936014649951 0
-3.5981500028761806 -4.3151550664852 1
3.790774260105994 4.135424343393772 2
-4.17515116265702 -4.563498323037549 1
-3.3854427141877252 -3.4065715112162014 1
0.6714292887544889 -0.05264064335331314 0
-3.756760058774702 -3.821123577474827 1
-3.7265325766641966 -3.9857478993445254 1
-0.5876596198399227 0.06912755848630411 0
4.423132947092603 1.8466635468989612 2
-0.21206096145828549 -1.520122367167965 0
0.9565896083401243 0.2984625941628614 0
0.15746257029909966 0.1330928916959791 0
-0.8116188610829828 -1.4688131434248513 0
-4.153710241130607 -3.3451368635340515 1
-2.714962775399096 -2.5101998849797886 1
-5.50924322956419 -3.0425889937281263 1
0.9204109838147634 3.401163340364573 2
-5.014434394520512 -3.315495861177133 1
5.212713756394543 4.089172465178062 2
-3.3474330850595564 -5.810859289538611 1
-4.216075352748962 -5.01901462232354 1
6.007297860336626 5.446150655338059 2
2.594532671361681 3.6841715061768 2
-0.9583120725275 1.2246345295872725 0
-0.33026992396967164 -0.10139381335148544 0
0.610615821831585 -1.7146714150030335 0
3.9704237349800127 4.281146656884651 2
1.6883538318736362 1.3180739401580372 0
-5.17794198955338 -2.0664270228829364 1
-4.809700832798526 -4.6061895102239685 1
0.6173705689005432 -1.295721189366908 0
1.0356285773319995 -0.07709921728357137 0
4.350691110703578 5.155432303904058 2
4.450445641472733 3.4800923839338433 2
3.2973948982005963 4.468105498236615 2
1.5976985817441989 -1.8914762807162908 0
-0.5711054312212147 -1.8930421199024312 0
3.900310967981548 3.2813168411106233 2
-5.41239154426609 -3.556776424850157 1
2.959985378603474 0.07780081625594196 0
0.25133976520289053 -0.4280093526609346 0
-5.4281132681791915 -4.517265701002174 1
5.131558968272142 5.165054928731793 2
2.338731537062933 0.05386305882578747 0
-3.2186002531238698 -3.1529489801369888 1
2.562534178556251 3.623841580820773 2
3.7908270583083112 4.363158895295327 2
0.8277847657817179 0.8118474138771813 0
2.7993094673261485 4.15568529741542 2
1.2286605758158384 -0.5736800787465575 0
2.526831052154753 3.2050124688003234 2
-0.14694843131483296 -1.309978025292767 0
-3.585121890490848 -4.570932632984609 1
0.17057731094511566 0.18270728460893154 0
0.30843404652572437 -1.3451794032099358 0
-4.568626219043731 -4.213495814470856 1
0.9212926715335885 -0.5217478054737467 0
-3.6263279112039166 -3.560639927322543 1
3.7097909171084953 4.922025440787113 2
-0.4943481747025516 0.3442778644920299 0
-1.2269905814544204 0.6985401814678041 0
2.75716039896452 3.342186705323777 2
-5.710786842440044 -4.141625586919429 1
4.335086339493918 2.794714773943382 2
0.09960624544005633 -1.63066102236118 0
0.9325086091869799 1.1037018607272941 0
0.5559617684637712 0.5524879675312216 0
4.5900186480873675 3.8292257586949865 2
-0.1900574807626212 0.340121066965019 0
3.141664496681246 3.4025933968398308 2
2.226523862155986 4.827367641306706 2
-1.8421276691529929 0.3185722652693301 0
5.0872442876678585 3.376376808456517 2
3.474214428776464 4.099393965280488 2
-0.268626740137037 -1.6041271967759048 0
-1.4771594106760193 -0.8656301932787863 0
-0.49229409813694597 0.36494365071517476 0
0.967193280604856 -1.5751490301536437 0
0.267392210094589 0.5092101162798349 0
-2.2700990773474468 -2.956114837659235 1
5.475575026775284 3.429750254954586 2
4.059555418704446 3.169509424778229 2
-5.8388525449069775 -5.189175274360082 1
-1.8023036450923935 -5.069343321525948 1
-5.052523040490328 -4.644030178281039 1
-0.2118443647080709 -0.5337499892426628 0
-0.30423342929129277 0.5323006505997117 0
3.3791493056671094 2.8009664695337433 2
2.9315115390693514 3.719731048121979 2
-3.3434930992398817 -4.3723971500086245 1
0.3224770733757701 0.1995084316015704 0
0.2802313313923325 -0.3028624359555974 0
4.6374965716050065 3.2851861997905196 2
-0.36721582008859865 0.5366797145095408 0
-3.8150218843943526 -3.7899310540006517 1
-4.310101610534028 -5.189160475011548 1
-1.8494627420010885 0.7226363962925858 0
0.3675248200377226 0.356301409241537 0
2.598493052299965 1.618141909285248 0
-0.542636279923942 0.5738148806616813 0
2.569677885374901 3.9538331140852354 2
-3.820150812955219 -4.3211379542161925 1
-1.42763779044031 -0.536202378911041 0
-3.1349209687405533 -4.495261901192276 1
4.653361956182173 3.3925665352324086 2
0.17028989155876179 -1.064361226525912 0
0.9822275131780268 -1.2005244389616703 0
3.4095005007730608 4.384026928066015 2
3.8055515822487815 3.104221152927654 2
0.9879784297838011 -0.45398520458242847 0
4.68552678837378 4.888558031686559 2
3.2353275438203357 2.7547119102143673 2
0.5985065389391703 0.664633291180011 0
5.770685641183532 4.602480522352128 2
4.35034366466961 6.048332375484562 2
-1.4743553469008108 -0.5388848884254913 0
3.2687636127728754 4.876831329151963 2
4.488069909511093 4.729009411710001 2
0.04024891019393247 1.1520612349447705 0
-4.749532484236427 -3.4638736302084503 1
3.658618564848087 4.554903429664689 2
-4.040843734414401 -5.726196158636631 1
5.096181500805527 4.746363683759737 2
4.807776961184793 3.236174895545184 2
-0.03870278610133549 0.739430983093271 0
3.0601057806898413 3.4685910009400764 2
0.9888338348170647 -0.3174226796276382 0
-4.401723079524764 -2.4824648869605586 1
0.540087452927474 0.4072612049585263 0
1.1820868268699243 -0.5765177468497593 0
3.5277379558342865 2.5205017104385736 2
3.4441552765019123 4.5279120904358665 2
-4.15830641080299 -6.43707448996804 1
0.019980690231111434 0.495028036851765 0
-4.458231755375568 -4.500721279132974 1
-0.4917037794305388 0.24949357475248152 0
3.428901329747426 3.9722532651552442 2
0.9769157231268341 -0.02232712866106629 0
1.5266831242492591 -0.061495938968219185 0
4.469080189608714 3.3073083511354637 2
-4.228922784405531 -3.7947688521936427 1
-3.155254468111368 -3.587822812972049 1
0.576233812548995 -0.145304380582808 0
0.19531446220250012 2.41389195487319 0
3.8712383100962535 4.659476795654928 2
3.542569904577105 4.057620226401223 2
-0.018487460716063518 -0.42488447334104845 0
-4.546856267020799 -5.220404535938891 1
0.8314081369524746 0.8402926737688746 0
2.2952279134020683 4.127462755063715 2
-4.038955006167805 -3.901133560261583 1
-2.836553331111541 -4.50974268235478 1
3.5856330842188755 3.351603608880733 2
-4.712398486722555 -3.866928611430806 1
-0.4264251984759462 -0.9390400172116731 0
-5.409519027091161 -5.325507053856988 1
-0.35076741776300624 -0.7619742157760214 0
0.19490265895406345 -1.050906593735506 0
6.169641540048737 3.1641044328518086 2
-0.022422035517101303 0.37904794983568685 0
1.5041986374249037 -0.37366736342177925 0
-3.6817098981087786 -2.3860380028217927 1
0.08904385850244764 -1.0701834898986962 0
0.24510698614121948 0.5557906549810786 0
5.4729658208584056 3.4027668755433282 2
1.7849351759887848 0.885509312990446 0
-1.122510944770353 -0.06367935360112953 0
-1.1490304204079025 -0.7529813800965142 0
-0.2736275193062487 0.8013811954619166 0
3.5354203253401972 2.7624898215590825 2
-5.3176799626172695 -3.3193545293791966 1
3.37718378194072 4.027655648733648 2
3.8966525727901455 4.150590955436751 2
-3.9452131199203175 -2.8735389445545185 1
-4.226044786212613 -3.911909000397879 1
-4.170817875505028 -3.7476102887669946 1
-2.842907185962634 -2.4435477926902616 1
-2.4623195173711485 -5.101635102131317 1
-0.6064388287723729 1.621403708282453 0
-4.242828321227318 -4.620020238879853 1
-0.2190008673629261 0.95339115024827 0
-5.22181627082533 -5.277126349948018 1
3.3376439305204815 3.3217149635538012 2
-2.451483320117549 -1.4632004817383497 1
-3.0938640707569873 -5.3969241590854145 1
3.6743922637343926 3.822429232062359 2
-3.1150519209524576 -3.218115932707013 1
3.4323984290513785 6.073549670789227 2
0.13077104466624154 0.8900735463123429 0
0.7744968851080276 0.34934062939838734 0
-0.9044208983238514 1.460892283617123 0
3.2362641271469994 6.977847780240811 2
0.022897819742123564 0.03341872410907216 0
4.186638657274838 3.4123688009388204 2
-6.176060414152057 -2.7928118438419425 1
4.3581899304109655 3.5402251415273907 2
-1.5466404600045003 0.6143460931314746 0
0.6950394297179346 -0.2104165910987427 0
-1.259677179544568 -0.5066253777413978 0
-3.3551121616292523 -4.517892771060199 1
3.712351774961536 2.6486870972635153 2
4.080523486291366 3.5371760587033463 2
-3.5818897879441063 -2.9054439435322976 1
6.507271231583653 4.760680482479212 2
3.069429435300443 4.283237579599374 2
1.4499652567284291 -1.5355587621708968 0
0.9811214298295025 -0.013382463565279987 0
-4.13591260392229 -2.4364302943954557 1
-4.465381173030107 -4.976675743824596 1
3.592815433099063 4.68708337255366 2
4.501218417041289 2.1899947848301733 2
2.7639588823260137 3.082685182800425 2
1.4470984640520304 1.687653257329347 0
-2.6292644315467086 -3.529688331921943 1
2.6333531126321574 5.702068754012862 2
-4.5829882856334745 -3.993771094756438 1
-0.6116313693796958 0.27196877220666377 0
-5.182477335335511 -3.0662056170745253 1
-1.789897609237292 0.5988716315790715 0
2.3274757434711946 2.70242024607536 2
5.603082573194099 3.546924140292944 2
-4.000334562112827 -3.8827150466277467 1
-4.770804395401476 -5.012336404042767 1
3.840023978742837 3.9700315660632586 2
-3.160898533297816 -4.296614371453569 1
-4.3456512290084355 -4.047778011067759 1
-5.272234900121435 -4.926548799479995 1
-3.5078558756271843 -4.432350427863998 1
0.839036979985522 -1.4990568392640407 0
0.4236240069874454 -0.30652196538065263 0
4.423578400518118 3.2289583110863105 2
-3.817196284804721 -4.592535990450432 1
-4.299516127243892 -4.645154203241124 1
-4.517885288029372 -3.2177689569364203 1
-5.078496905692836 -3.561777595427556 1
-4.4034805931105305 -3.4610549911565727 1
2.8722646861313996 4.043090707515375 2
3.85770046720216 5.272151098145483 2
-5.498523285927627 -3.4256230046422864 1
-0.0936806071462291 -0.8225062024552501 0
4.215686767570512 4.518661868964377 2
5.619977445179134 2.509837010576608 2
5.159081805556115 4.282056719211649 2
2.1167580572439393 4.134587904294413 2
3.6829491283683846 4.290650011956521 2
3.4226626282343515 4.635259745794698 2
-5.533811545109852 -4.108350377684967 1
-4.75720075291371 -3.4010671381396556 1
3.288642848398072 4.777478505650283 2
1.3206797006076059 -0.237087099047622 0
4.1761746460142675 3.557784993834124 2
-2.3302507774822177 -4.8780850810700445 1
-3.145752790610426 -2.5881648072934498 1
0.056351445241945936 0.4471579868855997 0
0.906694569035715 0.7166826876773453 0
-2.7757536251339676 -1.3028986831012306 1
1.1375668927632012 1.2504640892964662 0
0.3380701056751426 0.11478416807488415 0
0.04931472014381699 0.5577024308631537 0
-4.492193121865089 -3.8412706281849185 1
1.0988500981343452 -0.4441103343131119 0
-0.41210445764468184 -0.7075046677132336 0
-5.2107327697083745 -2.813776711352604 1
-1.8276622756797765 0.5333537051509984 0
-0.5711780833215144 -0.5276321902961728 0
5.517289266812883 5.522753525283007 2
4.498612650284254 6.357498699945936 2
1.5855342930087217 -0.9718296644037843 0
-0.6178896647881682 -0.33979049098649483 0
-2.310251659595676 -4.352088824442037 1
-3.9290955760889923 -4.866055601646218 1
4.436762022855057 3.209854720310365 2
1.3965733909343483 -0.4912536355286506 0
-4.279328471417613 -3.4841959755122804 1
2.1457800240642197 3.8745470706165612 2
-4.826592628762521 -3.8599581787711963 1
-0.46856198194074095 0.2834355268400358 0
2.071487687182897 1.2133540560143028 0
4.597498154260758 6.609075461512548 2
-3.5708592724495016 -3.4487384957315568 1
-5.519828849962956 -4.426983847794236 1
3.67602790729643 3.1540722373052903 2
-5.281236312667624 -4.288379965212196 1
4.052947248023239 5.205184397342404 2
4.196252059812506 3.592334448589601 2
4.528313383489476 5.568045214823589 2
1.21763869609506 0.3926504848487625 0
0.9563549873105446 0.26314531996093116 0
-3.4178118192623734 -3.3282661001004765 1
-5.95966845399433 -3.408880343609941 1
-4.3466722473337285 -3.965410836393487 1
0.5306227933048968 -0.9142529559967871 0
0.2239407192080152 -0.3264206863583769 0
4.322677198711328 4.645346641973574 2
-2.376511123319712 -4.7034335678811985 1
-1.0230593693649923 1.8436841796349706 0
3.9912792067524197 3.890905904942683 2
0.29485312149231313 -1.031376080391482 0
-5.174517495830895 -4.138036250455328 1
-6.033822882260447 -5.232513820975473 1
-4.423618728731186 -5.536437409224893 1
-3.5236486389801436 -4.0512970594252 1
-3.6451990172169846 -3.1630282199195303 1
1.4939320013371002 1.2074200935063393 0
-3.658805366349196 -3.346720046411326 1
-5.8185293921577905 -4.477832941740642 1
-0.33127878392167937 -0.2402101404814138 0
-0.3693235839725703 -0.6422560332724646 0
4.696251953698024 4.044079824742129 2
3.8361458781731854 4.3681109888013685 2
4.606258829552212 3.843290199405032 2
4.958727342785427 4.461759177633069 2
1.000345984362944 1.6555146709790263 0
2.481172099716053 3.8088725305429074 2
5.111069094572104 2.741767914289513 2
-5.073130097401378 -3.4012684446069827 1
0.7527892715269698 -1.0250673258582674 0
0.9505263653116499 1.0951824898461866 0
5.327626580623665 4.8045963829001925 2
4.048685346866706 3.0053454998075804 2
4.090794151650874 3.223384381938926 2
0.5601327666701088 1.0479448026569074 0
-5.376544374254553 -4.242930557489856 1
4.932508459027382 3.1199700547921205 2
4.362876947013691 4.773963758788654 2
-0.9784293624601459 -1.4576772050315314 0
-4.7435242684653005 -3.7144234982090816 1
-1.589134252730762 -0.5047972293925023 0
0.24253948653128898 -0.282262815426734 0
1.4829447523135662 -0.47420574659138565 0
4.123253038942666 6.299653255596742 2
0.44053492467718663 -0.8083224962195362 0
0.8697922351288415 0.3644243385843786 0
-1.6963262538370887 1.3204152282086354 0
-4.62547283414448 -4.461546982075482 1
-4.431296821675155 -1.3867454751658363 1
3.6091284946000557 2.080730236099646 2
-2.9999599157696673 -3.277992277420474 1
1.0462683389269747 0.12672497245674172 0
5.540439841394864 4.085801384313385 2
3.6308751100218437 7.048218229315941 2
-5.099640412859026 -3.8648768073814925 1
6.170073256228891 4.016569509763876 2
0.09892377948940324 -2.816272759876565 0
-0.7082256366475794 -0.08554851617504974 0
-1.0786655430159735 -1.9274314914585466 0
-4.884891227189174 -3.8852689595212744 1
2.4967189288924927 4.2686177358724215 2
-0.1368498115548782 -0.24235446549082698 0
3.692007797504833 3.0370246535154415 2
-4.18232732788244 -3.1908008578003284 1
-0.5111450990295571 -0.9077937118162959 0
-5.538785711758611 -3.00041159754013 1
-3.120301355321686 -3.7170094752078815 1
4.401502175860314 3.491692791922258 2
4.649067136525448 2.753653442977674 2
0.07259954746223751 -0.22890005843650393 0
-2.0067278127460666 -2.9719111055461576 1
-0.6818786340606565 -1.2478391906262727 0
2.3812397091422888 4.183500568880381 2
0.2910377845115129 1.0510920870696248 0
0.39941995262005214 -1.5500851211116453 0
-1.9570979694021902 0.17375139532306003 0
-3.058300818077867 -3.1314440732263895 1
-1.759521890425304 -0.6912558618233636 0
3.469644919244369 4.228689110849262 2
2.8802731862167374 4.335111018411402 2
0.5343006518036634 -0.362869423709188 0
4.571409840324445 3.7207409146122696 2
2.3706968924976897 3.1976936140763614 2
2.7845805985167154 3.744985151917873 2
3.472719189852824 5.342503388006051 2
-2.946024091969486 -4.654817449250215 1
-4.464769749757283 -4.555430033088673 1
-2.574291948162881 -6.320382279363118 1
3.5596618479620794 5.087449588161103 2
-4.898776927651959 -4.738163322068908 1
3.7654074992204443 4.1651484052874705 2
-0.5153717349145747 1.4371244787174393 0
-5.034734213715934 -2.2931023839529825 1
3.228068296889101 4.3434150995597935 2
5.122679664161414 3.2927088130994426 2
-3.3084036373929884 -2.7997399431435914 1
0.27988022019744396 -0.8341169789404864 0
0.38761378897988924 -0.2748213959031523 0
4.858748633140175 5.978567305160709 2
-3.0699065768337435 -4.5882534712785334 1
0.5312860351088476 -0.894851699900061 0
0.7102640582678078 -1.7705933966780576 0
0.6176711442028624 -0.37396788118904883 0
-1.2154931016455182 -0.4191249694963753 0
5.917290747577381 3.0869874545547016 2
-0.9642654018923235 -0.9824026204582931 0
-0.03489496330294544 0.053156442459968645 0
-5.009045040686492 -3.831874991004514 1
3.8622069968794874 3.4837562580967623 2
1.6595876611802731 0.4529819185125601 0
0.8697309824604574 1.8470725094041072 0
-5.159205039582767 -3.532952090386303 1
0.6094115457854299 -2.9649305538467683 0
5.04921327299138 3.7477501046276855 2
0.7417400151483315 -0.07500885378080221 0
0.6189644092258446 0.3454623659231925 0
0.09364679405006199 0.9829019261514125 0
3.090565396777925 3.8247272052527213 2
0.5347723538242325 0.09391410155243377 0
-0.7684900366188406 0.35470319049047233 0
3.9150473253552 4.161922053778361 2
0.4431234818576117 -0.4345643320999386 0
-3.934376525912235 -3.551934992154283 1
5.915142529403071 4.469784919282896 2
-3.53718857219594 -4.040612000655036 1
-0.39675123781751886 0.24783927734548802 0
3.879995369768931 3.569795298988067 2
-1.3275835876190512 -0.23519339035845538 0
4.119260043282502 2.152662567670599 2
-3.6739809914965758 -3.3099599751032516 1
-3.9120304193995628 -5.54726911735452 1
3.293122901272272 5.050429191260981 2
-5.78974229894418 -4.235082318314459 1
-2.800223715841697 -4.373922619704693 1
-0.3343950969578993 0.6157958637914024 0
-3.8517137333140172 -3.758357559421451 1
5.43552698635108 4.30765913867738 2
4.407328560744035 3.2922352914752406 2
3.8971317958233027 3.5927294936539873 2
-1.4395952898993734 -0.03591895272226403 0
3.2738453550951077 2.762477601052426 2
0.43563491507663793 -0.92644360425717 0
3.8083858224209544 4.195355954529187 2
-2.988562243310665 -4.326146745624237 1
-0.9875544002880882 0.0022261847338578247 0
-5.152428699664476 -4.209296839430847 1
-2.3847191206094496 0.25860109432152395 0
1.1639428128299119 -0.6981381722860485 0
-3.5248502585750003 -4.481439466217117 1
-0.2274498456087962 0.29475698608855055 0
-6.165958244510971 -3.8455243109472614 1
-4.129910888710664 -4.556129846034294 1
3.9729820329676486 4.462781486099373 2
-0.18612146294866908 -0.6149019174609454 0
1.312319427155109 3.609386149637813 2
6.232348009715764 2.035416721848163 2
-4.811846289103435 -4.584438739739931 1
0.029555130576550973 0.04157355000739879 0
4.463259157057561 5.488229004540412 2
0.40962966209513146 0.25593358591701143 0
-0.037827682090922674 0.6069216871094467 0
-3.956939377006948 -2.9775013161526216 1
3.3436731553443635 4.467099600453503 2
1.2537510716440061 -0.931181046004391 0
-4.127234936030455 -4.348372795214524 1
4.534918769496228 4.1599808605497675 2
-5.892120788887014 -5.323588470157185 1
-0.7377169691665166 -0.6558953175230203 0
0.13407141974083242 0.21728654003052755 0
0.7032363016966344 -1.4143561464943915 0
1.5753949997794559 -2.615914516533083 0
4.23146245661018 4.721879695392158 2
0.21841865469893196 -1.3941541708715526 0
-5.420660742324571 -2.284421011445197 1
1.4028342072846485 -0.12905737084434732 0
6.401518880499031 2.7175328085108217 2
-0.3869314452993315 0.9190651815352038 0
1.5318310603335592 1.798567270528213 0
-4.601757632971476 -4.37210021014884 1
1.0459174440472672 1.0062131637826799 0
0.6385992262869156 -0.891153736923234 0
-0.011077670217292947 0.4983423785498 0
3.253154082841407 4.8337995339975475 2
4.070818490308488 4.213323836889662 2
2.480432463884026 4.117168139986765 2
-5.011942260751104 -3.0186417646748027 1
0.26938853936424106 -0.0859117483684597 0
3.857568374060718 3.230725431953008 2
5.0600355417694995 4.10423712101742 2
4.576700352821794 3.1245367810506135 2
4.644357449924722 2.291371102658047 2
4.325607580759833 3.894259817170542 2
4.100570515736846 3.0971264616914276 2
3.309690885381035 5.198820198557849 2
0.12187144045684141 -1.4383464408092341 0
-5.720103780184486 -5.335180047261517 1
1.8878340571689731 0.3032849487403081 0
4.2341980276662765 1.8215866149717534 2
0.526358246079762 -1.0029980616523964 0
2.604369056020931 4.271165892324879 2
-2.3284170524723553 -1.0107329545834436 0
-5.69807581234695 -3.6667623486928 1
2.581115758080013 1.7441551341776251 0
-6.541902591645566 -5.97707424868829 1
3.9976766813356535 4.647279669158446 2
3.984845787942585 4.533033246454401 2
5.476326113433506 3.7997910183933383 2
4.692375552414783 4.9466726194737864 2
-0.8334831021816552 0.40287705822565384 0
-3.6093140110327466 -4.790264463112465 1
2.962114548714828 3.79801005973854 2
-1.3012422634341554 -0.09523982262729487 0
-5.335536017133757 -4.551010220397314 1
0.0064323968090242 2.1876055843366387 0
0.3912558628357326 1.1804820307340007 0
-1.2575228958475015 0.9275253993344533 0
-4.361278946868618 -4.013591071575727 1
-2.4771902377662682 -3.9719214601713864 1
5.036420718746539 3.297345589842748 2
0.5460010610663851 -0.6336500786496502 0
-4.900755064976028 -3.1995825627559076 1
-0.6263077091670886 -0.07353000913606796 0
-5.315087856587634 -2.692733714946498 1
5.7083655658798005 3.8665032640243746 2
0.07956284933732054 -0.15121874629120008 0
-4.170316532445687 -3.086662037226402 1
0.4881173302679936 0.12740480560440803 0
-3.208489909108469 -4.528205634976145 1
-0.07565540724422175 -1.6587931167299 0
-1.8556165327329093 1.1248610161579937 0
0.022158651087475504 0.8462437540786075 0
-3.2339635356063896 -3.2072368440279293 1
-6.136341675390538 -4.236730445294194 1
4.578058174645951 3.8463255032413564 2
-2.8895132771620364 -0.746957487459295 0
0.293423930522601 -0.7844167451651591 0
-0.11792348327255134 -0.9101990745395054 0
3.4129765058194885 3.845577947496379 2
-0.2274113650842667 0.3328733680632562 0
0.6776359057282896 -1.2343659783184122 0
-5.294111075252914 -3.819592069922844 1
-2.00991920343873 -5.005745181087403 1
-6.016644669596259 -5.699593949563719 1
-0.5177551979245707 -2.1186186953880095 0
-2.517740508150787 -2.5107956628026953 1
-1.2654650408522872 1.3942659432322495 0
4.624989209470648 4.612462465468287 2
0.2480079483737081 -0.09313354917674964 0
-4.9946945405235414 -4.5426893811753795 1
0.5002574102613316 0.04678802508719576 0
-4.709284316676511 -3.7969037102775705 1
4.3270350629149625 6.090029729534283 2
-0.34401731085681436 -0.873635650307679 0
-1.0853834443820918 0.6423494529655225 0
-0.12606023556476484 1.603008479260829 0
-0.42718378151584 0.9831658318312034 0
-3.7104887327441345 -7.072278090591736 1
0.45633125883265596 1.4524735665724968 0
-4.267127192082783 -2.844878963679548 1
1.36274654023998 0.038001664616473106 0
-0.3416218446787847 -0.0029304993550795734 0
0.9256133602432915 -0.7361666079504786 0
-1.0127600505753853 -0.05542767348970176 0
3.787723787482769 3.169674180930744 2
-5.440926656699128 -3.8740612341480993 1
0.10589489673418309 1.0247555890645361 0
-1.9316741588696114 -3.6718000651877163 1
3.570626437105397 3.7680929350147494 2
3.178554764471856 4.599704313860778 2
0.04407158848431718 -1.48188839237121 0
4.327121089103635 2.6127035941337344 2
-4.120781321136761 -3.7985854020208154 1
2.1511407804393943 3.3119474458781357 2
4.711489678300916 3.526641693058197 2
0.1836142940506332 0.5320536291373925 0
-0.007887478165854776 -0.48184174932835616 0
-4.858548846620028 -4.72092622570684 1
3.578236846117374 2.513022055637422 2
-4.460844810835685 -3.4652925619695396 1
1.725838926515977 0.5062614662154795 0
0.5091665518817278 -0.046328613094206626 0
-0.427531096052111 1.0491267486629063 0
4.847959706817284 4.509899917480562 2
5.263804069420556 4.152290625556607 2
3.4073571976789063 1.3448801873028695 2
-1.1043576775846276 1.6329610093822964 0
-0.32333574059465076 1.807462966778998 0
-4.968539584359004 -4.861115725827708 1
5.560677921168207 3.398358034518845 2
0.09417531641563087 -0.8867236244281489 0
0.33981460509941164 -1.7327672702580519 0
1.0920740271210374 -1.543980011072467 0
-3.8871781629331355 -4.390528927219845 1
4.889174823392647 4.072421814577318 2
-4.986469231618353 -5.424462530227457 1
3.3905634815487335 4.538660340354336 2
0.07033490295973606 -0.39935552205794494 0
-0.004971878487765508 0.15942120437183996 0
-4.945414127560381 -3.9213139664484915 1
-0.4089430677050226 -0.1390179614375523 0
0.8208973911300014 0.06938450577063861 0
0.8300193549836058 1.1413715795380373 0
-3.428578791281658 -4.782930153355212 1
0.1368740192572441 0.27147190393298776 0
-3.3017005244146427 -3.179082857795433 1
-5.074979048150713 -5.082694217351403 1
0.20850173573891617 1.1237824748104452 0
0.9693729477500808 0.9921089809856102 0
-4.419881365816465 -5.5083234572798885 1
-2.553618670167897 -2.9815671740377825 1
-3.241430331794228 -3.859367989641723 1
-1.0559724562715065 -2.440831470629521 0
-5.276778582168879 -5.285981641934111 1
-4.776397836499449 -3.834649924780576 1
-5.604900055333677 -3.8322958705707784 1
-1.2373688690269509 -2.595413802627398 0
-0.17298901233557476 0.6979712780996493 0
4.681671040517188 4.284498236272269 2
5.075304442949344 4.085624583511675 2
-2.85568046553004 -4.435227438497336 1
1.7589480102430823 0.18496031814003738 0
-0.13954232997294122 -1.619473808480215 0
0.009543926940484398 -2.104901721896433 0
-3.592431075597348 -3.077835004295106 1
0.8495370667112182 -0.8765663938568464 0
-3.292150812679786 -3.56206984531025 1
4.179233195638099 4.703207428415838 2
-6.684282133948432 -4.49688912439273 1
3.623381434061129 4.012430328832118 2
-0.29706402029007256 0.4968999042141646 0
4.039748702160362 7.182656113722287 2
-3.65286643078639 -4.172230624317667 1
4.3648308542190515 3.403004457766008 2
-2.808317751293207 -5.554571340566255 1
3.812185361543058 3.2696337636853157 2
-1.8968908019336592 0.5502821829641429 0
-1.50467930671537 -0.2027634847277352 0
-5.523588487728011 -4.740096055320876 1
-0.25975906687960737 -0.34118317608223536 0
3.435292825915647 4.218846301891859 2
-3.429480412470348 -3.4697651107099556 1
3.6066560461992223 1.0608910740916038 2
0.1170421273450229 0.9291689592115057 0
4.112531086088591 5.393956357058782 2
0.7370506886332426 2.158229485846025 0
-1.0066513979688296 -1.6208459736782217 0
-3.8895866920178728 -4.8238200618907126 1
0.9982978722552361 0.7569928780760982 0
-0.24117215672761133 -0.32233813199200173 0
4.391634946453404 4.320570858520489 2
1.3076018386998 0.5286711190362439 0
2.817290331196189 3.8744979630580056 2
-0.2174507066248632 0.4095107439090595 0
-3.3272846336400326 -5.622358484909938 1
-3.907029642825293 -3.64948193158018 1
-1.56334633960412 -0.1065750578884284 0
-0.6320953158598386 -0.137438131041964 0
3.0121279592540096 3.4803568449655184 2
-3.6436268324840735 -4.324080201351127 1
0.4201875135510418 0.02399854985842121 0
-2.0446384092495054 -4.291809884065953 1
1.4257052997612316 0.3031671907502277 0
0.45681563285847465 2.870904571261326 0
5.3762676833806085 5.644057805438051 2
4.868169434739787 2.896704183151652 2
1.3808694991248087 -1.7047036699467355 0
-5.27037877821597 -5.596648705617658 1
-2.256176613557612 -2.3179795364169102 1
2.336493556840293 4.425670078554623 2
-0.6545721294727447 -1.4880131632327063 0
-3.6425695477763265 -4.651845463689793 1
3.3787299306645133 4.285066953393889 2
4.947280668661389 4.377050989466077 2
-1.3584013953118526 1.861415832138943 0
6.142727566867171 4.293482011335488 2
-0.030313432370635888 -2.151208745271543 0
1.1841963839390584 0.3854367200396765 0
0.44296992616082825 -1.2193304968356753 0
-5.149742676345301 -3.07584021319628 1
0.8793369221515603 -1.0006047016975275 0
-4.774191735630122 -3.895408661301168 1
3.428582064724668 3.9405198042880536 2
0.038577746125170564 -0.019301232135458462 0
-1.2487576617416938 -0.8515831712733904 0
3.571127275868947 2.743731580029533 2
-5.440652495895352 -3.1347872830858505 1
-0.36249923034040626 1.7266477824685018 0
-3.5547785778933507 -5.107617308581228 1
-2.8511567263581776 -3.0856544509354267 1
-3.6385406881613767 -4.469802670775897 1
-2.84588420822006 -4.186406854257643 1
-1.2153046467955617 -0.9792498395070052 0
-5.386603167949915 -4.25648512842418 1
-4.748796494750452 -4.0410879449916 1
3.6210925260622404 3.1008020765284163 2
-0.8522583993739477 -1.5168256029875833 0
0.762831739417012 0.30297806946253764 0
2.4484641547187147 4.252457851020896 2
-3.0285276939444676 -4.622543411185873 1
5.2485543196066535 4.225709172175996 2
-0.8667357398207309 0.5846929167700019 0
-3.703795043268533 -3.298953759451586 1
4.472729368292844 4.695859988083773 2
-3.5266717743847806 -4.687128240417978 1
-3.6203857056362634 -3.5155131450339616 1
0.16207047120044374 0.7536679256223683 0
-3.8849569719328914 -5.656463733573161 1
3.3824003634040736 5.030091299324639 2
-1.0220898098520743 0.3546730409131759 0
3.8794806472962176 5.684074868076307 2
-3.862272462467054 -3.820390892056874 1
2.0834351478025637 2.694585553107873 2
0.38456467035722625 -0.8531144509143791 0
-3.8554701774142 -4.199718452212161 1
1.4180248499870591 -0.2511282133734884 0
3.9426274573128675 3.155673861348418 2
0.3092215240528917 0.5449872895322472 0
-5.251143195293685 -4.263367842822753 1
3.8118084825671934 5.151802419960613 2
0.5796370682070456 -0.4263612236844782 0
3.384169977075202 4.040095648656276 2
4.176417063621882 4.592502679010874 2
1.3516090280744808 0.5709964675074156 0
-0.4344205805739665 -1.1077438402030537 0
-0.891061378621551 1.1227097460138409 0
-3.5577739985191257 -3.2042225617022106 1
-4.919159522610659 -5.022178145089294 1
0.9926926309405272 -0.07266680873092439 0
-0.011735989003917377 -1.4094021115264632 0
2.6995922640321983 4.0965232467495865 2
-0.36068108819091704 -0.5642824408397007 0
-4.5952576215888845 -2.7220062892377763 1
-3.9861993322316196 -4.387432884164237 1
-4.407470041056024 -4.769191028782912 1
5.45997513750066 2.473987612087533 2
-1.037455844052993 -0.04981509066347168 0
-1.2305588689199154 0.539231442548997 0
-5.434317937420106 -3.0463369298630703 1
-0.004208571881941911 2.2209097868161884 0
0.7586511023718067 -1.3128152185288788 0
-0.35248542388370646 -1.44798159937047 0
-0.6641001044756935 0.0440067430201037 0
-4.987599533343232 -5.725867402372195 1
2.857935345028305 2.900078971171233 2
0.5492851846114634 -0.34373671826599966 0
-4.203591050103862 -2.342486591876863 1
-0.8765420821263868 -0.20992080992435594 0
4.219128092994551 1.6154899314380131 2
3.7361832348865462 3.224729240694984 2
1.0917257048511786 -0.4230229979100119 0
-3.99952399082855 -5.18350499537747 1
4.903905130831786 3.696087806353192 2
-5.443305085403502 -5.146683470578908 1
-4.257067697248913 -2.773608554588266 1
5.030447294364461 3.505912185440498 2
-4.8124945109378805 -3.0006259838208993 1
0.28355693687856287 -0.12375926062901732 0
-0.09630194697936216 -0.6232894429460973 0
1.8089251274011406 -0.7112897287946921 0
4.069921731557438 4.380570325212263 2
3.9327234352954585 4.586507245741569 2
0.6327249522033015 0.021384496811963354 0
-0.682172696648071 0.8926608150839508 0
-3.808121711991224 -5.896140749253996 1
-3.1607714643992213 -3.84054569837578 1
-5.913912295634436 -4.69797949689763 1
0.9347296808594079 -0.6810873573676925 0
-3.142247984049516 -3.8515531590559795 1
